    + --- ---------------- --------- +
    |                plain recursion |
--- + --- ---------------- --------- +
  n | sol            count  cpu time |
--- + --- ---------------- --------- +
  1 |   1                2 4.595e-06 |
  2 |   2                3 3.180e-06 |
  3 |   3                5 3.274e-06 |
  4 |   3                8 3.403e-06 |
  5 |   4               12 3.383e-06 |
  6 |   4               20 4.235e-06 |
  7 |   5               33 4.622e-06 |
  8 |   5               55 5.693e-06 |
  9 |   5               91 7.163e-06 |
 10 |   6              150 8.760e-06 |
 11 |   6              249 7.652e-06 |
 12 |   6              415 3.981e-06 |
 13 |   7              692 5.654e-06 |
 14 |   7             1153 8.471e-06 |
 15 |   7             1923 1.342e-05 |
 16 |   7             3207 2.161e-05 |
 17 |   8             5347 3.544e-05 |
 18 |   8             8918 1.002e-04 |
 19 |   8            14874 9.758e-05 |
 20 |   8            24812 1.771e-04 |
 21 |   9            41388 3.527e-04 |
 22 |   9            69040 5.116e-04 |
 23 |   9           115171 8.776e-04 |
 24 |   9           192124 1.458e-03 |
 25 |   9           320497 2.222e-03 |
 26 |  10           534647 3.762e-03 |
 27 |  10           891872 6.157e-03 |
 28 |  10          1483987 1.015e-02 |
 29 |  10          2471688 1.670e-02 |
 30 |  10          4117456 2.651e-02 |
 31 |  11          6859871 4.496e-02 |
 32 |  11         11432554 7.694e-02 |
 33 |  11         19051890 1.236e-01 |
 34 |  12         31744860 2.007e-01 |
 35 |  12         52897235 3.340e-01 |
 36 |  12         88143972 5.680e-01 |
 37 |  13        146874304 9.237e-01 |
 38 |  13        244738097 1.528e+00 |
 39 |  13        407807248 2.608e+00 |
 40 |  14        679530817 4.485e+00 |
 41 |  14       1132304623 7.119e+00 |
 42 |  14       1886760619 1.192e+01 |
 43 |  15       3143914507 2.050e+01 |
 44 |  15       5238710835 3.341e+01 |
 45 |  15       8750943600 5.572e+01 |
 46 |  16      14603382558 9.364e+01 |
 47 |  16      24366147466 1.556e+02 |
 48 |  16      40644692643 2.616e+02 |
 49 |  16      67613455293 4.336e+02 |
 50 |  17     112594892033 6.989e+02 |
 55 |  19    1338157336560 7.051e+03 |
 60 |                                |
 65 |                                |
 70 |                                |
 75 |                                |
 80 |                                |
 85 |                                |
 90 |                                |
 95 |                                |
100 |                                |
110 |                                |
120 |                                |
130 |                                |
140 |                                |
150 |                                |
160 |                                |
170 |                                |
180 |                                |
190 |                                |
200 |                                |
220 |                                |
240 |                                |
260 |                                |
280 |                                |
300 |                                |
320 |                                |
340 |                                |
360 |                                |
380 |                                |
400 |                                |
420 |                                |
440 |                                |
460 |                                |
480 |                                |
500 |                                |
520 |                                |
540 |                                |
560 |                                |
580 |                                |
600 |                                |
620 |                                |
640 |                                |
660 |                                |
680 |                                |
700 |                                |
720 |                                |
740 |                                |
760 |                                |
780 |                                |
800 |                                |
--- + --- ---------------- --------- +
