    + --- ---------------- --------- +
    |                plain recursion |
--- + --- ---------------- --------- +
  n | sol            count  cpu time |
--- + --- ---------------- --------- +
  1 |   1                2 4.938e-06 |
  2 |   2                3 3.080e-06 |
  3 |   3                5 3.160e-06 |
  4 |   3                8 3.319e-06 |
  5 |   4               13 3.585e-06 |
  6 |   4               22 4.138e-06 |
  7 |   5               36 6.052e-06 |
  8 |   5               60 5.800e-06 |
  9 |   5              100 7.181e-06 |
 10 |   6              167 9.402e-06 |
 11 |   6              279 5.450e-06 |
 12 |   6              465 4.766e-06 |
 13 |   7              777 6.695e-06 |
 14 |   7             1297 1.027e-05 |
 15 |   7             2165 1.579e-05 |
 16 |   7             3614 6.482e-05 |
 17 |   8             6031 4.133e-05 |
 18 |   8            10065 8.638e-05 |
 19 |   8            16795 1.078e-04 |
 20 |   8            28024 1.784e-04 |
 21 |   9            46758 3.420e-04 |
 22 |   9            78011 5.693e-04 |
 23 |   9           130089 8.561e-04 |
 24 |   9           216968 1.407e-03 |
 25 |   9           359706 2.844e-03 |
 26 |  10           597823 4.008e-03 |
 27 |  10           995046 6.290e-03 |
 28 |  10          1655498 1.101e-02 |
 29 |  10          2757259 1.807e-02 |
 30 |  10          4593012 2.979e-02 |
 31 |  11          7651017 4.909e-02 |
 32 |  11         12747967 8.127e-02 |
 33 |  11         21239691 1.348e-01 |
 34 |  12         35390165 2.255e-01 |
 35 |  12         58969547 3.735e-01 |
 36 |  12         98258424 6.245e-01 |
 37 |  13        163727428 1.035e+00 |
 38 |  13        272817267 1.724e+00 |
 39 |  13        454593881 2.871e+00 |
 40 |  14        757489987 4.793e+00 |
 41 |  14       1262204160 7.955e+00 |
 42 |  14       2114047092 1.333e+01 |
 43 |  15       3533472456 2.236e+01 |
 44 |  15       5898663878 3.732e+01 |
 45 |  15       9850621736 6.239e+01 |
 46 |  16      16352251531 1.033e+02 |
 47 |  16      27196767437 1.718e+02 |
 48 |  16      45288671397 2.855e+02 |
 49 |  16      75373390362 4.755e+02 |
 50 |  17     125557790155 7.901e+02 |
 55 |  19    1421772009146 8.928e+03 |
 60 |                                |
 65 |                                |
 70 |                                |
 75 |                                |
 80 |                                |
 85 |                                |
 90 |                                |
 95 |                                |
100 |                                |
110 |                                |
120 |                                |
130 |                                |
140 |                                |
150 |                                |
160 |                                |
170 |                                |
180 |                                |
190 |                                |
200 |                                |
220 |                                |
240 |                                |
260 |                                |
280 |                                |
300 |                                |
320 |                                |
340 |                                |
360 |                                |
380 |                                |
400 |                                |
420 |                                |
440 |                                |
460 |                                |
480 |                                |
500 |                                |
520 |                                |
540 |                                |
560 |                                |
580 |                                |
600 |                                |
620 |                                |
640 |                                |
660 |                                |
680 |                                |
700 |                                |
720 |                                |
740 |                                |
760 |                                |
780 |                                |
800 |                                |
--- + --- ---------------- --------- +

