
Inicio

line_n: 1,1,1, (0,0,0) -> 

line_n_1: 0,0,0, (0,0,0) -> 0,0,0, (0,0,0) -> 

childs: 0,0,0 ->0,0,0 ->0,0,0 ->

----------------------------------ciclo 0---------------------------------------------------- 

1,1,1, (0,0,0) -> 

childs of 1,1,1: 0,0,0 /2,1,2 /3,2,2 /

index_n_1:0
size_line_n_1:2
index_n_1:1
size_line_n_1:2



antes da alocacao de memoria

line_n: 1,1,1, (0,0,0) -> 
line_n_1: 2,1,2, (1,1,1) -> 3,2,2, (1,1,1) -> 
size_line_n_1 :4
size_line_n :2
line_n: 2,1,2, (1,1,1) -> 3,2,2, (1,1,1) -> 


depois da alocacao de memoria

size_line_n_1 :4
size_line_n :2
line_n: 2,1,2, (1,1,1) -> 3,2,2, (1,1,1) -> 
line_n_1: 0,0,0, (0,0,0) -> 0,0,0, (0,0,0) -> 0,0,0, (0,0,0) -> 0,0,0, (0,0,0) -> 
0, 0
1, 0
2, 2
3, 0
4, 0
5, 0
6, 0
7, 0
8, 0
9, 0
10, 0
11, 0
12, 0
13, 0
14, 0
15, 0
16, 0
17, 0
18, 0
19, 0
20, 0
21, 0
22, 0
23, 0
24, 0
25, 0
26, 0
27, 0
28, 0
29, 0
30, 0
31, 0
32, 0
33, 0
34, 0
35, 0
36, 0
37, 0
38, 0
39, 0
40, 0
41, 0
42, 0
43, 0
44, 0
45, 0
46, 0
47, 0
48, 0
49, 0
50, 0

----------------------------------ciclo 1---------------------------------------------------- 

2,1,2, (1,1,1) -> 3,2,2, (1,1,1) -> 

childs of 2,1,2: 3,1,3 /0,0,0 /0,0,0 /

index_n_1:0
size_line_n_1:4


childs of 3,2,2: 4,1,3 /5,2,3 /6,3,3 /

index_n_1:1
size_line_n_1:4
index_n_1:2
size_line_n_1:4
index_n_1:3
size_line_n_1:4



antes da alocacao de memoria

line_n: 2,1,2, (1,1,1) -> 3,2,2, (1,1,1) -> 
line_n_1: 3,1,3, (2,1,2) -> 4,1,3, (3,2,2) -> 5,2,3, (3,2,2) -> 6,3,3, (3,2,2) -> 
size_line_n_1 :7
size_line_n :4
line_n: 3,1,3, (2,1,2) -> 4,1,3, (3,2,2) -> 5,2,3, (3,2,2) -> 6,3,3, (3,2,2) -> 


depois da alocacao de memoria

size_line_n_1 :7
size_line_n :4
line_n: 3,1,3, (2,1,2) -> 4,1,3, (3,2,2) -> 5,2,3, (3,2,2) -> 6,3,3, (3,2,2) -> 
line_n_1: 0,0,0, (0,0,0) -> 0,0,0, (0,0,0) -> 0,0,0, (0,0,0) -> 0,0,0, (0,0,0) -> 0,0,0, (0,0,0) -> 0,0,0, (0,0,0) -> 0,0,0, (0,0,0) -> 
0, 0
1, 0
2, 2
3, 3
4, 3
5, 0
6, 0
7, 0
8, 0
9, 0
10, 0
11, 0
12, 0
13, 0
14, 0
15, 0
16, 0
17, 0
18, 0
19, 0
20, 0
21, 0
22, 0
23, 0
24, 0
25, 0
26, 0
27, 0
28, 0
29, 0
30, 0
31, 0
32, 0
33, 0
34, 0
35, 0
36, 0
37, 0
38, 0
39, 0
40, 0
41, 0
42, 0
43, 0
44, 0
45, 0
46, 0
47, 0
48, 0
49, 0
50, 0

----------------------------------ciclo 2---------------------------------------------------- 

3,1,3, (2,1,2) -> 4,1,3, (3,2,2) -> 5,2,3, (3,2,2) -> 6,3,3, (3,2,2) -> 

childs of 3,1,3: 0,0,0 /0,0,0 /0,0,0 /



childs of 4,1,3: 5,1,4 /0,0,0 /0,0,0 /

index_n_1:0
size_line_n_1:7


childs of 5,2,3: 6,1,4 /7,2,4 /8,3,4 /

index_n_1:1
size_line_n_1:7
index_n_1:2
size_line_n_1:7
index_n_1:3
size_line_n_1:7


childs of 6,3,3: 8,2,4 /9,3,4 /10,4,4 /

index_n_1:4
size_line_n_1:7
index_n_1:5
size_line_n_1:7
index_n_1:6
size_line_n_1:7



antes da alocacao de memoria

line_n: 3,1,3, (2,1,2) -> 4,1,3, (3,2,2) -> 5,2,3, (3,2,2) -> 6,3,3, (3,2,2) -> 
line_n_1: 5,1,4, (4,1,3) -> 6,1,4, (5,2,3) -> 7,2,4, (5,2,3) -> 8,3,4, (5,2,3) -> 8,2,4, (6,3,3) -> 9,3,4, (6,3,3) -> 10,4,4, (6,3,3) -> 
size_line_n_1 :16
size_line_n :7
line_n: 5,1,4, (4,1,3) -> 6,1,4, (5,2,3) -> 7,2,4, (5,2,3) -> 8,3,4, (5,2,3) -> 8,2,4, (6,3,3) -> 9,3,4, (6,3,3) -> 10,4,4, (6,3,3) -> 


depois da alocacao de memoria

size_line_n_1 :16
size_line_n :7
line_n: 5,1,4, (4,1,3) -> 6,1,4, (5,2,3) -> 7,2,4, (5,2,3) -> 8,3,4, (5,2,3) -> 8,2,4, (6,3,3) -> 9,3,4, (6,3,3) -> 10,4,4, (6,3,3) -> 
line_n_1: 0,0,0, (0,0,0) -> 0,0,0, (0,0,0) -> 0,0,0, (0,0,0) -> 0,0,0, (0,0,0) -> 0,0,0, (0,0,0) -> 0,0,0, (0,0,0) -> 0,0,0, (0,0,0) -> 0,0,0, (0,0,0) -> 0,0,0, (0,0,0) -> 0,0,0, (0,0,0) -> 0,0,0, (0,0,0) -> 0,0,0, (0,0,0) -> 0,0,0, (0,0,0) -> 0,0,0, (0,0,0) -> 0,0,0, (0,0,0) -> 0,0,0, (0,0,0) -> 
0, 0
1, 0
2, 2
3, 3
4, 3
5, 4
6, 4
7, 0
8, 0
9, 0
10, 0
11, 0
12, 0
13, 0
14, 0
15, 0
16, 0
17, 0
18, 0
19, 0
20, 0
21, 0
22, 0
23, 0
24, 0
25, 0
26, 0
27, 0
28, 0
29, 0
30, 0
31, 0
32, 0
33, 0
34, 0
35, 0
36, 0
37, 0
38, 0
39, 0
40, 0
41, 0
42, 0
43, 0
44, 0
45, 0
46, 0
47, 0
48, 0
49, 0
50, 0

----------------------------------ciclo 3---------------------------------------------------- 

5,1,4, (4,1,3) -> 6,1,4, (5,2,3) -> 7,2,4, (5,2,3) -> 8,3,4, (5,2,3) -> 8,2,4, (6,3,3) -> 9,3,4, (6,3,3) -> 10,4,4, (6,3,3) -> 

childs of 5,1,4: 0,0,0 /0,0,0 /0,0,0 /



childs of 6,1,4: 7,1,5 /0,0,0 /0,0,0 /

index_n_1:0
size_line_n_1:16


childs of 7,2,4: 8,1,5 /9,2,5 /10,3,5 /

index_n_1:1
size_line_n_1:16
index_n_1:2
size_line_n_1:16
index_n_1:3
size_line_n_1:16


childs of 8,3,4: 10,2,5 /11,3,5 /12,4,5 /

index_n_1:4
size_line_n_1:16
index_n_1:5
size_line_n_1:16
index_n_1:6
size_line_n_1:16


childs of 8,2,4: 9,1,5 /10,2,5 /11,3,5 /

index_n_1:7
size_line_n_1:16
index_n_1:8
size_line_n_1:16
index_n_1:9
size_line_n_1:16


childs of 9,3,4: 11,2,5 /12,3,5 /13,4,5 /

index_n_1:10
size_line_n_1:16
index_n_1:11
size_line_n_1:16
index_n_1:12
size_line_n_1:16


childs of 10,4,4: 13,3,5 /14,4,5 /15,5,5 /

index_n_1:13
size_line_n_1:16
index_n_1:14
size_line_n_1:16
index_n_1:15
size_line_n_1:16



antes da alocacao de memoria

line_n: 5,1,4, (4,1,3) -> 6,1,4, (5,2,3) -> 7,2,4, (5,2,3) -> 8,3,4, (5,2,3) -> 8,2,4, (6,3,3) -> 9,3,4, (6,3,3) -> 10,4,4, (6,3,3) -> 
line_n_1: 7,1,5, (6,1,4) -> 8,1,5, (7,2,4) -> 9,2,5, (7,2,4) -> 10,3,5, (7,2,4) -> 10,2,5, (8,3,4) -> 11,3,5, (8,3,4) -> 12,4,5, (8,3,4) -> 9,1,5, (8,2,4) -> 10,2,5, (8,2,4) -> 11,3,5, (8,2,4) -> 11,2,5, (9,3,4) -> 12,3,5, (9,3,4) -> 13,4,5, (9,3,4) -> 13,3,5, (10,4,4) -> 14,4,5, (10,4,4) -> 15,5,5, (10,4,4) -> 
size_line_n_1 :41
size_line_n :16
line_n: 7,1,5, (6,1,4) -> 8,1,5, (7,2,4) -> 9,2,5, (7,2,4) -> 10,3,5, (7,2,4) -> 10,2,5, (8,3,4) -> 11,3,5, (8,3,4) -> 12,4,5, (8,3,4) -> 9,1,5, (8,2,4) -> 10,2,5, (8,2,4) -> 11,3,5, (8,2,4) -> 11,2,5, (9,3,4) -> 12,3,5, (9,3,4) -> 13,4,5, (9,3,4) -> 13,3,5, (10,4,4) -> 14,4,5, (10,4,4) -> 15,5,5, (10,4,4) -> 


depois da alocacao de memoria

size_line_n_1 :41
size_line_n :16
line_n: 7,1,5, (6,1,4) -> 8,1,5, (7,2,4) -> 9,2,5, (7,2,4) -> 10,3,5, (7,2,4) -> 10,2,5, (8,3,4) -> 11,3,5, (8,3,4) -> 12,4,5, (8,3,4) -> 9,1,5, (8,2,4) -> 10,2,5, (8,2,4) -> 11,3,5, (8,2,4) -> 11,2,5, (9,3,4) -> 12,3,5, (9,3,4) -> 13,4,5, (9,3,4) -> 13,3,5, (10,4,4) -> 14,4,5, (10,4,4) -> 15,5,5, (10,4,4) -> 
line_n_1: 0,0,0, (0,0,0) -> 0,0,0, (0,0,0) -> 0,0,0, (0,0,0) -> 0,0,0, (0,0,0) -> 0,0,0, (0,0,0) -> 0,0,0, (0,0,0) -> 0,0,0, (0,0,0) -> 0,0,0, (0,0,0) -> 0,0,0, (0,0,0) -> 0,0,0, (0,0,0) -> 0,0,0, (0,0,0) -> 0,0,0, (0,0,0) -> 0,0,0, (0,0,0) -> 0,0,0, (0,0,0) -> 0,0,0, (0,0,0) -> 0,0,0, (0,0,0) -> 0,0,0, (0,0,0) -> 0,0,0, (0,0,0) -> 0,0,0, (0,0,0) -> 0,0,0, (0,0,0) -> 0,0,0, (0,0,0) -> 0,0,0, (0,0,0) -> 0,0,0, (0,0,0) -> 0,0,0, (0,0,0) -> 0,0,0, (0,0,0) -> 0,0,0, (0,0,0) -> 0,0,0, (0,0,0) -> 0,0,0, (0,0,0) -> 0,0,0, (0,0,0) -> 0,0,0, (0,0,0) -> 0,0,0, (0,0,0) -> 0,0,0, (0,0,0) -> 0,0,0, (0,0,0) -> 0,0,0, (0,0,0) -> 0,0,0, (0,0,0) -> 0,0,0, (0,0,0) -> 0,0,0, (0,0,0) -> 0,0,0, (0,0,0) -> 0,0,0, (0,0,0) -> 0,0,0, (0,0,0) -> 0,0,0, (0,0,0) -> 
0, 0
1, 0
2, 2
3, 3
4, 3
5, 4
6, 4
7, 5
8, 5
9, 5
10, 0
11, 0
12, 0
13, 0
14, 0
15, 0
16, 0
17, 0
18, 0
19, 0
20, 0
21, 0
22, 0
23, 0
24, 0
25, 0
26, 0
27, 0
28, 0
29, 0
30, 0
31, 0
32, 0
33, 0
34, 0
35, 0
36, 0
37, 0
38, 0
39, 0
40, 0
41, 0
42, 0
43, 0
44, 0
45, 0
46, 0
47, 0
48, 0
49, 0
50, 0

----------------------------------ciclo 4---------------------------------------------------- 

7,1,5, (6,1,4) -> 8,1,5, (7,2,4) -> 9,2,5, (7,2,4) -> 10,3,5, (7,2,4) -> 10,2,5, (8,3,4) -> 11,3,5, (8,3,4) -> 12,4,5, (8,3,4) -> 9,1,5, (8,2,4) -> 10,2,5, (8,2,4) -> 11,3,5, (8,2,4) -> 11,2,5, (9,3,4) -> 12,3,5, (9,3,4) -> 13,4,5, (9,3,4) -> 13,3,5, (10,4,4) -> 14,4,5, (10,4,4) -> 15,5,5, (10,4,4) -> 

childs of 7,1,5: 0,0,0 /0,0,0 /0,0,0 /



childs of 8,1,5: 9,1,6 /0,0,0 /0,0,0 /

index_n_1:0
size_line_n_1:41


childs of 9,2,5: 10,1,6 /11,2,6 /12,3,6 /

index_n_1:1
size_line_n_1:41
index_n_1:2
size_line_n_1:41
index_n_1:3
size_line_n_1:41


childs of 10,3,5: 12,2,6 /13,3,6 /14,4,6 /

index_n_1:4
size_line_n_1:41
index_n_1:5
size_line_n_1:41
index_n_1:6
size_line_n_1:41


childs of 10,2,5: 11,1,6 /12,2,6 /13,3,6 /

index_n_1:7
size_line_n_1:41
index_n_1:8
size_line_n_1:41
index_n_1:9
size_line_n_1:41


childs of 11,3,5: 13,2,6 /14,3,6 /15,4,6 /

index_n_1:10
size_line_n_1:41
index_n_1:11
size_line_n_1:41
index_n_1:12
size_line_n_1:41


childs of 12,4,5: 15,3,6 /16,4,6 /17,5,6 /

index_n_1:13
size_line_n_1:41
index_n_1:14
size_line_n_1:41
index_n_1:15
size_line_n_1:41


childs of 9,1,5: 10,1,6 /0,0,0 /0,0,0 /

index_n_1:16
size_line_n_1:41


childs of 10,2,5: 11,1,6 /12,2,6 /13,3,6 /

index_n_1:17
size_line_n_1:41
index_n_1:18
size_line_n_1:41
index_n_1:19
size_line_n_1:41


childs of 11,3,5: 13,2,6 /14,3,6 /15,4,6 /

index_n_1:20
size_line_n_1:41
index_n_1:21
size_line_n_1:41
index_n_1:22
size_line_n_1:41


childs of 11,2,5: 12,1,6 /13,2,6 /14,3,6 /

index_n_1:23
size_line_n_1:41
index_n_1:24
size_line_n_1:41
index_n_1:25
size_line_n_1:41


childs of 12,3,5: 14,2,6 /15,3,6 /16,4,6 /

index_n_1:26
size_line_n_1:41
index_n_1:27
size_line_n_1:41
index_n_1:28
size_line_n_1:41


childs of 13,4,5: 16,3,6 /17,4,6 /18,5,6 /

index_n_1:29
size_line_n_1:41
index_n_1:30
size_line_n_1:41
index_n_1:31
size_line_n_1:41


childs of 13,3,5: 15,2,6 /16,3,6 /17,4,6 /

index_n_1:32
size_line_n_1:41
index_n_1:33
size_line_n_1:41
index_n_1:34
size_line_n_1:41


childs of 14,4,5: 17,3,6 /18,4,6 /19,5,6 /

index_n_1:35
size_line_n_1:41
index_n_1:36
size_line_n_1:41
index_n_1:37
size_line_n_1:41


childs of 15,5,5: 19,4,6 /20,5,6 /21,6,6 /

index_n_1:38
size_line_n_1:41
index_n_1:39
size_line_n_1:41
index_n_1:40
size_line_n_1:41



antes da alocacao de memoria

line_n: 7,1,5, (6,1,4) -> 8,1,5, (7,2,4) -> 9,2,5, (7,2,4) -> 10,3,5, (7,2,4) -> 10,2,5, (8,3,4) -> 11,3,5, (8,3,4) -> 12,4,5, (8,3,4) -> 9,1,5, (8,2,4) -> 10,2,5, (8,2,4) -> 11,3,5, (8,2,4) -> 11,2,5, (9,3,4) -> 12,3,5, (9,3,4) -> 13,4,5, (9,3,4) -> 13,3,5, (10,4,4) -> 14,4,5, (10,4,4) -> 15,5,5, (10,4,4) -> 
line_n_1: 9,1,6, (8,1,5) -> 10,1,6, (9,2,5) -> 11,2,6, (9,2,5) -> 12,3,6, (9,2,5) -> 12,2,6, (10,3,5) -> 13,3,6, (10,3,5) -> 14,4,6, (10,3,5) -> 11,1,6, (10,2,5) -> 12,2,6, (10,2,5) -> 13,3,6, (10,2,5) -> 13,2,6, (11,3,5) -> 14,3,6, (11,3,5) -> 15,4,6, (11,3,5) -> 15,3,6, (12,4,5) -> 16,4,6, (12,4,5) -> 17,5,6, (12,4,5) -> 10,1,6, (9,1,5) -> 11,1,6, (10,2,5) -> 12,2,6, (10,2,5) -> 13,3,6, (10,2,5) -> 13,2,6, (11,3,5) -> 14,3,6, (11,3,5) -> 15,4,6, (11,3,5) -> 12,1,6, (11,2,5) -> 13,2,6, (11,2,5) -> 14,3,6, (11,2,5) -> 14,2,6, (12,3,5) -> 15,3,6, (12,3,5) -> 16,4,6, (12,3,5) -> 16,3,6, (13,4,5) -> 17,4,6, (13,4,5) -> 18,5,6, (13,4,5) -> 15,2,6, (13,3,5) -> 16,3,6, (13,3,5) -> 17,4,6, (13,3,5) -> 17,3,6, (14,4,5) -> 18,4,6, (14,4,5) -> 19,5,6, (14,4,5) -> 19,4,6, (15,5,5) -> 20,5,6, (15,5,5) -> 21,6,6, (15,5,5) -> 
size_line_n_1 :91
size_line_n :41
line_n: 9,1,6, (8,1,5) -> 10,1,6, (9,2,5) -> 11,2,6, (9,2,5) -> 12,3,6, (9,2,5) -> 12,2,6, (10,3,5) -> 13,3,6, (10,3,5) -> 14,4,6, (10,3,5) -> 11,1,6, (10,2,5) -> 12,2,6, (10,2,5) -> 13,3,6, (10,2,5) -> 13,2,6, (11,3,5) -> 14,3,6, (11,3,5) -> 15,4,6, (11,3,5) -> 15,3,6, (12,4,5) -> 16,4,6, (12,4,5) -> 17,5,6, (12,4,5) -> 10,1,6, (9,1,5) -> 11,1,6, (10,2,5) -> 12,2,6, (10,2,5) -> 13,3,6, (10,2,5) -> 13,2,6, (11,3,5) -> 14,3,6, (11,3,5) -> 15,4,6, (11,3,5) -> 12,1,6, (11,2,5) -> 13,2,6, (11,2,5) -> 14,3,6, (11,2,5) -> 14,2,6, (12,3,5) -> 15,3,6, (12,3,5) -> 16,4,6, (12,3,5) -> 16,3,6, (13,4,5) -> 17,4,6, (13,4,5) -> 18,5,6, (13,4,5) -> 15,2,6, (13,3,5) -> 16,3,6, (13,3,5) -> 17,4,6, (13,3,5) -> 17,3,6, (14,4,5) -> 18,4,6, (14,4,5) -> 19,5,6, (14,4,5) -> 19,4,6, (15,5,5) -> 20,5,6, (15,5,5) -> 21,6,6, (15,5,5) -> 


depois da alocacao de memoria

size_line_n_1 :91
size_line_n :41
line_n: 9,1,6, (8,1,5) -> 10,1,6, (9,2,5) -> 11,2,6, (9,2,5) -> 12,3,6, (9,2,5) -> 12,2,6, (10,3,5) -> 13,3,6, (10,3,5) -> 14,4,6, (10,3,5) -> 11,1,6, (10,2,5) -> 12,2,6, (10,2,5) -> 13,3,6, (10,2,5) -> 13,2,6, (11,3,5) -> 14,3,6, (11,3,5) -> 15,4,6, (11,3,5) -> 15,3,6, (12,4,5) -> 16,4,6, (12,4,5) -> 17,5,6, (12,4,5) -> 10,1,6, (9,1,5) -> 11,1,6, (10,2,5) -> 12,2,6, (10,2,5) -> 13,3,6, (10,2,5) -> 13,2,6, (11,3,5) -> 14,3,6, (11,3,5) -> 15,4,6, (11,3,5) -> 12,1,6, (11,2,5) -> 13,2,6, (11,2,5) -> 14,3,6, (11,2,5) -> 14,2,6, (12,3,5) -> 15,3,6, (12,3,5) -> 16,4,6, (12,3,5) -> 16,3,6, (13,4,5) -> 17,4,6, (13,4,5) -> 18,5,6, (13,4,5) -> 15,2,6, (13,3,5) -> 16,3,6, (13,3,5) -> 17,4,6, (13,3,5) -> 17,3,6, (14,4,5) -> 18,4,6, (14,4,5) -> 19,5,6, (14,4,5) -> 19,4,6, (15,5,5) -> 20,5,6, (15,5,5) -> 21,6,6, (15,5,5) -> 
line_n_1: 0,0,0, (0,0,0) -> 0,0,0, (0,0,0) -> 0,0,0, (0,0,0) -> 0,0,0, (0,0,0) -> 0,0,0, (0,0,0) -> 0,0,0, (0,0,0) -> 0,0,0, (0,0,0) -> 0,0,0, (0,0,0) -> 0,0,0, (0,0,0) -> 0,0,0, (0,0,0) -> 0,0,0, (0,0,0) -> 0,0,0, (0,0,0) -> 0,0,0, (0,0,0) -> 0,0,0, (0,0,0) -> 0,0,0, (0,0,0) -> 0,0,0, (0,0,0) -> 0,0,0, (0,0,0) -> 0,0,0, (0,0,0) -> 0,0,0, (0,0,0) -> 0,0,0, (0,0,0) -> 0,0,0, (0,0,0) -> 0,0,0, (0,0,0) -> 0,0,0, (0,0,0) -> 0,0,0, (0,0,0) -> 0,0,0, (0,0,0) -> 0,0,0, (0,0,0) -> 0,0,0, (0,0,0) -> 0,0,0, (0,0,0) -> 0,0,0, (0,0,0) -> 0,0,0, (0,0,0) -> 0,0,0, (0,0,0) -> 0,0,0, (0,0,0) -> 0,0,0, (0,0,0) -> 0,0,0, (0,0,0) -> 0,0,0, (0,0,0) -> 0,0,0, (0,0,0) -> 0,0,0, (0,0,0) -> 0,0,0, (0,0,0) -> 0,0,0, (0,0,0) -> 0,0,0, (0,0,0) -> 0,0,0, (0,0,0) -> 0,0,0, (0,0,0) -> 0,0,0, (0,0,0) -> 0,0,0, (0,0,0) -> 0,0,0, (0,0,0) -> 0,0,0, (0,0,0) -> 0,0,0, (0,0,0) -> 0,0,0, (0,0,0) -> 0,0,0, (0,0,0) -> 0,0,0, (0,0,0) -> 0,0,0, (0,0,0) -> 0,0,0, (0,0,0) -> 0,0,0, (0,0,0) -> 0,0,0, (0,0,0) -> 0,0,0, (0,0,0) -> 0,0,0, (0,0,0) -> 0,0,0, (0,0,0) -> 0,0,0, (0,0,0) -> 0,0,0, (0,0,0) -> 0,0,0, (0,0,0) -> 0,0,0, (0,0,0) -> 0,0,0, (0,0,0) -> 0,0,0, (0,0,0) -> 0,0,0, (0,0,0) -> 0,0,0, (0,0,0) -> 0,0,0, (0,0,0) -> 0,0,0, (0,0,0) -> 0,0,0, (0,0,0) -> 0,0,0, (0,0,0) -> 0,0,0, (0,0,0) -> 0,0,0, (0,0,0) -> 0,0,0, (0,0,0) -> 0,0,0, (0,0,0) -> 0,0,0, (0,0,0) -> 0,0,0, (0,0,0) -> 0,0,0, (0,0,0) -> 0,0,0, (0,0,0) -> 0,0,0, (0,0,0) -> 0,0,0, (0,0,0) -> 0,0,0, (0,0,0) -> 0,0,0, (0,0,0) -> 0,0,0, (0,0,0) -> 0,0,0, (0,0,0) -> 0,0,0, (0,0,0) -> 0,0,0, (0,0,0) -> 0,0,0, (0,0,0) -> 0,0,0, (0,0,0) -> 0,0,0, (0,0,0) -> 0,0,0, (0,0,0) -> 0,0,0, (0,0,0) -> 0,0,0, (0,0,0) -> 
0, 0
1, 0
2, 2
3, 3
4, 3
5, 4
6, 4
7, 5
8, 5
9, 5
10, 6
11, 6
12, 6
13, 0
14, 0
15, 0
16, 0
17, 0
18, 0
19, 0
20, 0
21, 0
22, 0
23, 0
24, 0
25, 0
26, 0
27, 0
28, 0
29, 0
30, 0
31, 0
32, 0
33, 0
34, 0
35, 0
36, 0
37, 0
38, 0
39, 0
40, 0
41, 0
42, 0
43, 0
44, 0
45, 0
46, 0
47, 0
48, 0
49, 0
50, 0

----------------------------------ciclo 5---------------------------------------------------- 

9,1,6, (8,1,5) -> 10,1,6, (9,2,5) -> 11,2,6, (9,2,5) -> 12,3,6, (9,2,5) -> 12,2,6, (10,3,5) -> 13,3,6, (10,3,5) -> 14,4,6, (10,3,5) -> 11,1,6, (10,2,5) -> 12,2,6, (10,2,5) -> 13,3,6, (10,2,5) -> 13,2,6, (11,3,5) -> 14,3,6, (11,3,5) -> 15,4,6, (11,3,5) -> 15,3,6, (12,4,5) -> 16,4,6, (12,4,5) -> 17,5,6, (12,4,5) -> 10,1,6, (9,1,5) -> 11,1,6, (10,2,5) -> 12,2,6, (10,2,5) -> 13,3,6, (10,2,5) -> 13,2,6, (11,3,5) -> 14,3,6, (11,3,5) -> 15,4,6, (11,3,5) -> 12,1,6, (11,2,5) -> 13,2,6, (11,2,5) -> 14,3,6, (11,2,5) -> 14,2,6, (12,3,5) -> 15,3,6, (12,3,5) -> 16,4,6, (12,3,5) -> 16,3,6, (13,4,5) -> 17,4,6, (13,4,5) -> 18,5,6, (13,4,5) -> 15,2,6, (13,3,5) -> 16,3,6, (13,3,5) -> 17,4,6, (13,3,5) -> 17,3,6, (14,4,5) -> 18,4,6, (14,4,5) -> 19,5,6, (14,4,5) -> 19,4,6, (15,5,5) -> 20,5,6, (15,5,5) -> 21,6,6, (15,5,5) -> 

childs of 9,1,6: 0,0,0 /0,0,0 /0,0,0 /



childs of 10,1,6: 11,1,7 /0,0,0 /0,0,0 /

index_n_1:0
size_line_n_1:91


childs of 11,2,6: 12,1,7 /13,2,7 /14,3,7 /

index_n_1:1
size_line_n_1:91
index_n_1:2
size_line_n_1:91
index_n_1:3
size_line_n_1:91


childs of 12,3,6: 14,2,7 /15,3,7 /16,4,7 /

index_n_1:4
size_line_n_1:91
index_n_1:5
size_line_n_1:91
index_n_1:6
size_line_n_1:91


childs of 12,2,6: 13,1,7 /14,2,7 /15,3,7 /

index_n_1:7
size_line_n_1:91
index_n_1:8
size_line_n_1:91
index_n_1:9
size_line_n_1:91


childs of 13,3,6: 15,2,7 /16,3,7 /17,4,7 /

index_n_1:10
size_line_n_1:91
index_n_1:11
size_line_n_1:91
index_n_1:12
size_line_n_1:91


childs of 14,4,6: 17,3,7 /18,4,7 /19,5,7 /

index_n_1:13
size_line_n_1:91
index_n_1:14
size_line_n_1:91
index_n_1:15
size_line_n_1:91


childs of 11,1,6: 12,1,7 /0,0,0 /0,0,0 /

index_n_1:16
size_line_n_1:91


childs of 12,2,6: 13,1,7 /14,2,7 /15,3,7 /

index_n_1:17
size_line_n_1:91
index_n_1:18
size_line_n_1:91
index_n_1:19
size_line_n_1:91


childs of 13,3,6: 15,2,7 /16,3,7 /17,4,7 /

index_n_1:20
size_line_n_1:91
index_n_1:21
size_line_n_1:91
index_n_1:22
size_line_n_1:91


childs of 13,2,6: 14,1,7 /15,2,7 /16,3,7 /

index_n_1:23
size_line_n_1:91
index_n_1:24
size_line_n_1:91
index_n_1:25
size_line_n_1:91


childs of 14,3,6: 16,2,7 /17,3,7 /18,4,7 /

index_n_1:26
size_line_n_1:91
index_n_1:27
size_line_n_1:91
index_n_1:28
size_line_n_1:91


childs of 15,4,6: 18,3,7 /19,4,7 /20,5,7 /

index_n_1:29
size_line_n_1:91
index_n_1:30
size_line_n_1:91
index_n_1:31
size_line_n_1:91


childs of 15,3,6: 17,2,7 /18,3,7 /19,4,7 /

index_n_1:32
size_line_n_1:91
index_n_1:33
size_line_n_1:91
index_n_1:34
size_line_n_1:91


childs of 16,4,6: 19,3,7 /20,4,7 /21,5,7 /

index_n_1:35
size_line_n_1:91
index_n_1:36
size_line_n_1:91
index_n_1:37
size_line_n_1:91


childs of 17,5,6: 21,4,7 /0,0,0 /0,0,0 /

index_n_1:38
size_line_n_1:91


childs of 10,1,6: 0,0,0 /0,0,0 /0,0,0 /



childs of 11,1,6: 12,1,7 /0,0,0 /0,0,0 /

index_n_1:39
size_line_n_1:91


childs of 12,2,6: 13,1,7 /14,2,7 /15,3,7 /

index_n_1:40
size_line_n_1:91
index_n_1:41
size_line_n_1:91
index_n_1:42
size_line_n_1:91


childs of 13,3,6: 15,2,7 /16,3,7 /17,4,7 /

index_n_1:43
size_line_n_1:91
index_n_1:44
size_line_n_1:91
index_n_1:45
size_line_n_1:91


childs of 13,2,6: 14,1,7 /15,2,7 /16,3,7 /

index_n_1:46
size_line_n_1:91
index_n_1:47
size_line_n_1:91
index_n_1:48
size_line_n_1:91


childs of 14,3,6: 16,2,7 /17,3,7 /18,4,7 /

index_n_1:49
size_line_n_1:91
index_n_1:50
size_line_n_1:91
index_n_1:51
size_line_n_1:91


childs of 15,4,6: 18,3,7 /19,4,7 /20,5,7 /

index_n_1:52
size_line_n_1:91
index_n_1:53
size_line_n_1:91
index_n_1:54
size_line_n_1:91


childs of 12,1,6: 13,1,7 /0,0,0 /0,0,0 /

index_n_1:55
size_line_n_1:91


childs of 13,2,6: 14,1,7 /15,2,7 /16,3,7 /

index_n_1:56
size_line_n_1:91
index_n_1:57
size_line_n_1:91
index_n_1:58
size_line_n_1:91


childs of 14,3,6: 16,2,7 /17,3,7 /18,4,7 /

index_n_1:59
size_line_n_1:91
index_n_1:60
size_line_n_1:91
index_n_1:61
size_line_n_1:91


childs of 14,2,6: 15,1,7 /16,2,7 /17,3,7 /

index_n_1:62
size_line_n_1:91
index_n_1:63
size_line_n_1:91
index_n_1:64
size_line_n_1:91


childs of 15,3,6: 17,2,7 /18,3,7 /19,4,7 /

index_n_1:65
size_line_n_1:91
index_n_1:66
size_line_n_1:91
index_n_1:67
size_line_n_1:91


childs of 16,4,6: 19,3,7 /20,4,7 /21,5,7 /

index_n_1:68
size_line_n_1:91
index_n_1:69
size_line_n_1:91
index_n_1:70
size_line_n_1:91


childs of 16,3,6: 18,2,7 /19,3,7 /20,4,7 /

index_n_1:71
size_line_n_1:91
index_n_1:72
size_line_n_1:91
index_n_1:73
size_line_n_1:91


childs of 17,4,6: 20,3,7 /21,4,7 /0,0,0 /

index_n_1:74
size_line_n_1:91
index_n_1:75
size_line_n_1:91


childs of 18,5,6: 22,4,7 /0,0,0 /0,0,0 /

index_n_1:76
size_line_n_1:91


childs of 15,2,6: 16,1,7 /17,2,7 /18,3,7 /

index_n_1:77
size_line_n_1:91
index_n_1:78
size_line_n_1:91
index_n_1:79
size_line_n_1:91


childs of 16,3,6: 18,2,7 /19,3,7 /20,4,7 /

index_n_1:80
size_line_n_1:91
index_n_1:81
size_line_n_1:91
index_n_1:82
size_line_n_1:91


childs of 17,4,6: 20,3,7 /21,4,7 /0,0,0 /

index_n_1:83
size_line_n_1:91
index_n_1:84
size_line_n_1:91


childs of 17,3,6: 19,2,7 /20,3,7 /21,4,7 /

index_n_1:85
size_line_n_1:91
index_n_1:86
size_line_n_1:91
index_n_1:87
size_line_n_1:91


childs of 18,4,6: 21,3,7 /22,4,7 /0,0,0 /

index_n_1:88
size_line_n_1:91
index_n_1:89
size_line_n_1:91


childs of 19,5,6: 0,0,0 /0,0,0 /0,0,0 /



childs of 19,4,6: 22,3,7 /0,0,0 /0,0,0 /

index_n_1:90
size_line_n_1:91


childs of 20,5,6: 0,0,0 /0,0,0 /0,0,0 /



childs of 21,6,6: 0,0,0 /0,0,0 /0,0,0 /




antes da alocacao de memoria

line_n: 9,1,6, (8,1,5) -> 10,1,6, (9,2,5) -> 11,2,6, (9,2,5) -> 12,3,6, (9,2,5) -> 12,2,6, (10,3,5) -> 13,3,6, (10,3,5) -> 14,4,6, (10,3,5) -> 11,1,6, (10,2,5) -> 12,2,6, (10,2,5) -> 13,3,6, (10,2,5) -> 13,2,6, (11,3,5) -> 14,3,6, (11,3,5) -> 15,4,6, (11,3,5) -> 15,3,6, (12,4,5) -> 16,4,6, (12,4,5) -> 17,5,6, (12,4,5) -> 10,1,6, (9,1,5) -> 11,1,6, (10,2,5) -> 12,2,6, (10,2,5) -> 13,3,6, (10,2,5) -> 13,2,6, (11,3,5) -> 14,3,6, (11,3,5) -> 15,4,6, (11,3,5) -> 12,1,6, (11,2,5) -> 13,2,6, (11,2,5) -> 14,3,6, (11,2,5) -> 14,2,6, (12,3,5) -> 15,3,6, (12,3,5) -> 16,4,6, (12,3,5) -> 16,3,6, (13,4,5) -> 17,4,6, (13,4,5) -> 18,5,6, (13,4,5) -> 15,2,6, (13,3,5) -> 16,3,6, (13,3,5) -> 17,4,6, (13,3,5) -> 17,3,6, (14,4,5) -> 18,4,6, (14,4,5) -> 19,5,6, (14,4,5) -> 19,4,6, (15,5,5) -> 20,5,6, (15,5,5) -> 21,6,6, (15,5,5) -> 
line_n_1: 11,1,7, (10,1,6) -> 12,1,7, (11,2,6) -> 13,2,7, (11,2,6) -> 14,3,7, (11,2,6) -> 14,2,7, (12,3,6) -> 15,3,7, (12,3,6) -> 16,4,7, (12,3,6) -> 13,1,7, (12,2,6) -> 14,2,7, (12,2,6) -> 15,3,7, (12,2,6) -> 15,2,7, (13,3,6) -> 16,3,7, (13,3,6) -> 17,4,7, (13,3,6) -> 17,3,7, (14,4,6) -> 18,4,7, (14,4,6) -> 19,5,7, (14,4,6) -> 12,1,7, (11,1,6) -> 13,1,7, (12,2,6) -> 14,2,7, (12,2,6) -> 15,3,7, (12,2,6) -> 15,2,7, (13,3,6) -> 16,3,7, (13,3,6) -> 17,4,7, (13,3,6) -> 14,1,7, (13,2,6) -> 15,2,7, (13,2,6) -> 16,3,7, (13,2,6) -> 16,2,7, (14,3,6) -> 17,3,7, (14,3,6) -> 18,4,7, (14,3,6) -> 18,3,7, (15,4,6) -> 19,4,7, (15,4,6) -> 20,5,7, (15,4,6) -> 17,2,7, (15,3,6) -> 18,3,7, (15,3,6) -> 19,4,7, (15,3,6) -> 19,3,7, (16,4,6) -> 20,4,7, (16,4,6) -> 21,5,7, (16,4,6) -> 21,4,7, (17,5,6) -> 12,1,7, (11,1,6) -> 13,1,7, (12,2,6) -> 14,2,7, (12,2,6) -> 15,3,7, (12,2,6) -> 15,2,7, (13,3,6) -> 16,3,7, (13,3,6) -> 17,4,7, (13,3,6) -> 14,1,7, (13,2,6) -> 15,2,7, (13,2,6) -> 16,3,7, (13,2,6) -> 16,2,7, (14,3,6) -> 17,3,7, (14,3,6) -> 18,4,7, (14,3,6) -> 18,3,7, (15,4,6) -> 19,4,7, (15,4,6) -> 20,5,7, (15,4,6) -> 13,1,7, (12,1,6) -> 14,1,7, (13,2,6) -> 15,2,7, (13,2,6) -> 16,3,7, (13,2,6) -> 16,2,7, (14,3,6) -> 17,3,7, (14,3,6) -> 18,4,7, (14,3,6) -> 15,1,7, (14,2,6) -> 16,2,7, (14,2,6) -> 17,3,7, (14,2,6) -> 17,2,7, (15,3,6) -> 18,3,7, (15,3,6) -> 19,4,7, (15,3,6) -> 19,3,7, (16,4,6) -> 20,4,7, (16,4,6) -> 21,5,7, (16,4,6) -> 18,2,7, (16,3,6) -> 19,3,7, (16,3,6) -> 20,4,7, (16,3,6) -> 20,3,7, (17,4,6) -> 21,4,7, (17,4,6) -> 22,4,7, (18,5,6) -> 16,1,7, (15,2,6) -> 17,2,7, (15,2,6) -> 18,3,7, (15,2,6) -> 18,2,7, (16,3,6) -> 19,3,7, (16,3,6) -> 20,4,7, (16,3,6) -> 20,3,7, (17,4,6) -> 21,4,7, (17,4,6) -> 19,2,7, (17,3,6) -> 20,3,7, (17,3,6) -> 21,4,7, (17,3,6) -> 21,3,7, (18,4,6) -> 22,4,7, (18,4,6) -> 22,3,7, (19,4,6) -> 
size_line_n_1 :184
size_line_n :91
line_n: 11,1,7, (10,1,6) -> 12,1,7, (11,2,6) -> 13,2,7, (11,2,6) -> 14,3,7, (11,2,6) -> 14,2,7, (12,3,6) -> 15,3,7, (12,3,6) -> 16,4,7, (12,3,6) -> 13,1,7, (12,2,6) -> 14,2,7, (12,2,6) -> 15,3,7, (12,2,6) -> 15,2,7, (13,3,6) -> 16,3,7, (13,3,6) -> 17,4,7, (13,3,6) -> 17,3,7, (14,4,6) -> 18,4,7, (14,4,6) -> 19,5,7, (14,4,6) -> 12,1,7, (11,1,6) -> 13,1,7, (12,2,6) -> 14,2,7, (12,2,6) -> 15,3,7, (12,2,6) -> 15,2,7, (13,3,6) -> 16,3,7, (13,3,6) -> 17,4,7, (13,3,6) -> 14,1,7, (13,2,6) -> 15,2,7, (13,2,6) -> 16,3,7, (13,2,6) -> 16,2,7, (14,3,6) -> 17,3,7, (14,3,6) -> 18,4,7, (14,3,6) -> 18,3,7, (15,4,6) -> 19,4,7, (15,4,6) -> 20,5,7, (15,4,6) -> 17,2,7, (15,3,6) -> 18,3,7, (15,3,6) -> 19,4,7, (15,3,6) -> 19,3,7, (16,4,6) -> 20,4,7, (16,4,6) -> 21,5,7, (16,4,6) -> 21,4,7, (17,5,6) -> 12,1,7, (11,1,6) -> 13,1,7, (12,2,6) -> 14,2,7, (12,2,6) -> 15,3,7, (12,2,6) -> 15,2,7, (13,3,6) -> 16,3,7, (13,3,6) -> 17,4,7, (13,3,6) -> 14,1,7, (13,2,6) -> 15,2,7, (13,2,6) -> 16,3,7, (13,2,6) -> 16,2,7, (14,3,6) -> 17,3,7, (14,3,6) -> 18,4,7, (14,3,6) -> 18,3,7, (15,4,6) -> 19,4,7, (15,4,6) -> 20,5,7, (15,4,6) -> 13,1,7, (12,1,6) -> 14,1,7, (13,2,6) -> 15,2,7, (13,2,6) -> 16,3,7, (13,2,6) -> 16,2,7, (14,3,6) -> 17,3,7, (14,3,6) -> 18,4,7, (14,3,6) -> 15,1,7, (14,2,6) -> 16,2,7, (14,2,6) -> 17,3,7, (14,2,6) -> 17,2,7, (15,3,6) -> 18,3,7, (15,3,6) -> 19,4,7, (15,3,6) -> 19,3,7, (16,4,6) -> 20,4,7, (16,4,6) -> 21,5,7, (16,4,6) -> 18,2,7, (16,3,6) -> 19,3,7, (16,3,6) -> 20,4,7, (16,3,6) -> 20,3,7, (17,4,6) -> 21,4,7, (17,4,6) -> 22,4,7, (18,5,6) -> 16,1,7, (15,2,6) -> 17,2,7, (15,2,6) -> 18,3,7, (15,2,6) -> 18,2,7, (16,3,6) -> 19,3,7, (16,3,6) -> 20,4,7, (16,3,6) -> 20,3,7, (17,4,6) -> 21,4,7, (17,4,6) -> 19,2,7, (17,3,6) -> 20,3,7, (17,3,6) -> 21,4,7, (17,3,6) -> 21,3,7, (18,4,6) -> 22,4,7, (18,4,6) -> 22,3,7, (19,4,6) -> 


depois da alocacao de memoria

size_line_n_1 :184
size_line_n :91
line_n: 11,1,7, (10,1,6) -> 12,1,7, (11,2,6) -> 13,2,7, (11,2,6) -> 14,3,7, (11,2,6) -> 14,2,7, (12,3,6) -> 15,3,7, (12,3,6) -> 16,4,7, (12,3,6) -> 13,1,7, (12,2,6) -> 14,2,7, (12,2,6) -> 15,3,7, (12,2,6) -> 15,2,7, (13,3,6) -> 16,3,7, (13,3,6) -> 17,4,7, (13,3,6) -> 17,3,7, (14,4,6) -> 18,4,7, (14,4,6) -> 19,5,7, (14,4,6) -> 12,1,7, (11,1,6) -> 13,1,7, (12,2,6) -> 14,2,7, (12,2,6) -> 15,3,7, (12,2,6) -> 15,2,7, (13,3,6) -> 16,3,7, (13,3,6) -> 17,4,7, (13,3,6) -> 14,1,7, (13,2,6) -> 15,2,7, (13,2,6) -> 16,3,7, (13,2,6) -> 16,2,7, (14,3,6) -> 17,3,7, (14,3,6) -> 18,4,7, (14,3,6) -> 18,3,7, (15,4,6) -> 19,4,7, (15,4,6) -> 20,5,7, (15,4,6) -> 17,2,7, (15,3,6) -> 18,3,7, (15,3,6) -> 19,4,7, (15,3,6) -> 19,3,7, (16,4,6) -> 20,4,7, (16,4,6) -> 21,5,7, (16,4,6) -> 21,4,7, (17,5,6) -> 12,1,7, (11,1,6) -> 13,1,7, (12,2,6) -> 14,2,7, (12,2,6) -> 15,3,7, (12,2,6) -> 15,2,7, (13,3,6) -> 16,3,7, (13,3,6) -> 17,4,7, (13,3,6) -> 14,1,7, (13,2,6) -> 15,2,7, (13,2,6) -> 16,3,7, (13,2,6) -> 16,2,7, (14,3,6) -> 17,3,7, (14,3,6) -> 18,4,7, (14,3,6) -> 18,3,7, (15,4,6) -> 19,4,7, (15,4,6) -> 20,5,7, (15,4,6) -> 13,1,7, (12,1,6) -> 14,1,7, (13,2,6) -> 15,2,7, (13,2,6) -> 16,3,7, (13,2,6) -> 16,2,7, (14,3,6) -> 17,3,7, (14,3,6) -> 18,4,7, (14,3,6) -> 15,1,7, (14,2,6) -> 16,2,7, (14,2,6) -> 17,3,7, (14,2,6) -> 17,2,7, (15,3,6) -> 18,3,7, (15,3,6) -> 19,4,7, (15,3,6) -> 19,3,7, (16,4,6) -> 20,4,7, (16,4,6) -> 21,5,7, (16,4,6) -> 18,2,7, (16,3,6) -> 19,3,7, (16,3,6) -> 20,4,7, (16,3,6) -> 20,3,7, (17,4,6) -> 21,4,7, (17,4,6) -> 22,4,7, (18,5,6) -> 16,1,7, (15,2,6) -> 17,2,7, (15,2,6) -> 18,3,7, (15,2,6) -> 18,2,7, (16,3,6) -> 19,3,7, (16,3,6) -> 20,4,7, (16,3,6) -> 20,3,7, (17,4,6) -> 21,4,7, (17,4,6) -> 19,2,7, (17,3,6) -> 20,3,7, (17,3,6) -> 21,4,7, (17,3,6) -> 21,3,7, (18,4,6) -> 22,4,7, (18,4,6) -> 22,3,7, (19,4,6) -> 
line_n_1: 0,0,0, (0,0,0) -> 0,0,0, (0,0,0) -> 0,0,0, (0,0,0) -> 0,0,0, (0,0,0) -> 0,0,0, (0,0,0) -> 0,0,0, (0,0,0) -> 0,0,0, (0,0,0) -> 0,0,0, (0,0,0) -> 0,0,0, (0,0,0) -> 0,0,0, (0,0,0) -> 0,0,0, (0,0,0) -> 0,0,0, (0,0,0) -> 0,0,0, (0,0,0) -> 0,0,0, (0,0,0) -> 0,0,0, (0,0,0) -> 0,0,0, (0,0,0) -> 0,0,0, (0,0,0) -> 0,0,0, (0,0,0) -> 0,0,0, (0,0,0) -> 0,0,0, (0,0,0) -> 0,0,0, (0,0,0) -> 0,0,0, (0,0,0) -> 0,0,0, (0,0,0) -> 0,0,0, (0,0,0) -> 0,0,0, (0,0,0) -> 0,0,0, (0,0,0) -> 0,0,0, (0,0,0) -> 0,0,0, (0,0,0) -> 0,0,0, (0,0,0) -> 0,0,0, (0,0,0) -> 0,0,0, (0,0,0) -> 0,0,0, (0,0,0) -> 0,0,0, (0,0,0) -> 0,0,0, (0,0,0) -> 0,0,0, (0,0,0) -> 0,0,0, (0,0,0) -> 0,0,0, (0,0,0) -> 0,0,0, (0,0,0) -> 0,0,0, (0,0,0) -> 0,0,0, (0,0,0) -> 0,0,0, (0,0,0) -> 0,0,0, (0,0,0) -> 0,0,0, (0,0,0) -> 0,0,0, (0,0,0) -> 0,0,0, (0,0,0) -> 0,0,0, (0,0,0) -> 0,0,0, (0,0,0) -> 0,0,0, (0,0,0) -> 0,0,0, (0,0,0) -> 0,0,0, (0,0,0) -> 0,0,0, (0,0,0) -> 0,0,0, (0,0,0) -> 0,0,0, (0,0,0) -> 0,0,0, (0,0,0) -> 0,0,0, (0,0,0) -> 0,0,0, (0,0,0) -> 0,0,0, (0,0,0) -> 0,0,0, (0,0,0) -> 0,0,0, (0,0,0) -> 0,0,0, (0,0,0) -> 0,0,0, (0,0,0) -> 0,0,0, (0,0,0) -> 0,0,0, (0,0,0) -> 0,0,0, (0,0,0) -> 0,0,0, (0,0,0) -> 0,0,0, (0,0,0) -> 0,0,0, (0,0,0) -> 0,0,0, (0,0,0) -> 0,0,0, (0,0,0) -> 0,0,0, (0,0,0) -> 0,0,0, (0,0,0) -> 0,0,0, (0,0,0) -> 0,0,0, (0,0,0) -> 0,0,0, (0,0,0) -> 0,0,0, (0,0,0) -> 0,0,0, (0,0,0) -> 0,0,0, (0,0,0) -> 0,0,0, (0,0,0) -> 0,0,0, (0,0,0) -> 0,0,0, (0,0,0) -> 0,0,0, (0,0,0) -> 0,0,0, (0,0,0) -> 0,0,0, (0,0,0) -> 0,0,0, (0,0,0) -> 0,0,0, (0,0,0) -> 0,0,0, (0,0,0) -> 0,0,0, (0,0,0) -> 0,0,0, (0,0,0) -> 0,0,0, (0,0,0) -> 0,0,0, (0,0,0) -> 0,0,0, (0,0,0) -> 0,0,0, (0,0,0) -> 0,0,0, (0,0,0) -> 0,0,0, (0,0,0) -> 0,0,0, (0,0,0) -> 0,0,0, (0,0,0) -> 0,0,0, (0,0,0) -> 0,0,0, (0,0,0) -> 0,0,0, (0,0,0) -> 0,0,0, (0,0,0) -> 0,0,0, (0,0,0) -> 0,0,0, (0,0,0) -> 0,0,0, (0,0,0) -> 0,0,0, (0,0,0) -> 0,0,0, (0,0,0) -> 0,0,0, (0,0,0) -> 0,0,0, (0,0,0) -> 0,0,0, (0,0,0) -> 0,0,0, (0,0,0) -> 0,0,0, (0,0,0) -> 0,0,0, (0,0,0) -> 0,0,0, (0,0,0) -> 0,0,0, (0,0,0) -> 0,0,0, (0,0,0) -> 0,0,0, (0,0,0) -> 0,0,0, (0,0,0) -> 0,0,0, (0,0,0) -> 0,0,0, (0,0,0) -> 0,0,0, (0,0,0) -> 0,0,0, (0,0,0) -> 0,0,0, (0,0,0) -> 0,0,0, (0,0,0) -> 0,0,0, (0,0,0) -> 0,0,0, (0,0,0) -> 0,0,0, (0,0,0) -> 0,0,0, (0,0,0) -> 0,0,0, (0,0,0) -> 0,0,0, (0,0,0) -> 0,0,0, (0,0,0) -> 0,0,0, (0,0,0) -> 0,0,0, (0,0,0) -> 0,0,0, (0,0,0) -> 0,0,0, (0,0,0) -> 0,0,0, (0,0,0) -> 0,0,0, (0,0,0) -> 0,0,0, (0,0,0) -> 0,0,0, (0,0,0) -> 0,0,0, (0,0,0) -> 0,0,0, (0,0,0) -> 0,0,0, (0,0,0) -> 0,0,0, (0,0,0) -> 0,0,0, (0,0,0) -> 0,0,0, (0,0,0) -> 0,0,0, (0,0,0) -> 0,0,0, (0,0,0) -> 0,0,0, (0,0,0) -> 0,0,0, (0,0,0) -> 0,0,0, (0,0,0) -> 0,0,0, (0,0,0) -> 0,0,0, (0,0,0) -> 0,0,0, (0,0,0) -> 0,0,0, (0,0,0) -> 0,0,0, (0,0,0) -> 0,0,0, (0,0,0) -> 0,0,0, (0,0,0) -> 0,0,0, (0,0,0) -> 0,0,0, (0,0,0) -> 0,0,0, (0,0,0) -> 0,0,0, (0,0,0) -> 0,0,0, (0,0,0) -> 0,0,0, (0,0,0) -> 0,0,0, (0,0,0) -> 0,0,0, (0,0,0) -> 0,0,0, (0,0,0) -> 0,0,0, (0,0,0) -> 0,0,0, (0,0,0) -> 0,0,0, (0,0,0) -> 0,0,0, (0,0,0) -> 0,0,0, (0,0,0) -> 0,0,0, (0,0,0) -> 0,0,0, (0,0,0) -> 0,0,0, (0,0,0) -> 0,0,0, (0,0,0) -> 0,0,0, (0,0,0) -> 0,0,0, (0,0,0) -> 0,0,0, (0,0,0) -> 0,0,0, (0,0,0) -> 0,0,0, (0,0,0) -> 0,0,0, (0,0,0) -> 0,0,0, (0,0,0) -> 0,0,0, (0,0,0) -> 0,0,0, (0,0,0) -> 0,0,0, (0,0,0) -> 0,0,0, (0,0,0) -> 
0, 0
1, 0
2, 2
3, 3
4, 3
5, 4
6, 4
7, 5
8, 5
9, 5
10, 6
11, 6
12, 6
13, 7
14, 7
15, 7
16, 7
17, 0
18, 0
19, 0
20, 0
21, 0
22, 0
23, 0
24, 0
25, 0
26, 0
27, 0
28, 0
29, 0
30, 0
31, 0
32, 0
33, 0
34, 0
35, 0
36, 0
37, 0
38, 0
39, 0
40, 0
41, 0
42, 0
43, 0
44, 0
45, 0
46, 0
47, 0
48, 0
49, 0
50, 0

----------------------------------ciclo 6---------------------------------------------------- 

11,1,7, (10,1,6) -> 12,1,7, (11,2,6) -> 13,2,7, (11,2,6) -> 14,3,7, (11,2,6) -> 14,2,7, (12,3,6) -> 15,3,7, (12,3,6) -> 16,4,7, (12,3,6) -> 13,1,7, (12,2,6) -> 14,2,7, (12,2,6) -> 15,3,7, (12,2,6) -> 15,2,7, (13,3,6) -> 16,3,7, (13,3,6) -> 17,4,7, (13,3,6) -> 17,3,7, (14,4,6) -> 18,4,7, (14,4,6) -> 19,5,7, (14,4,6) -> 12,1,7, (11,1,6) -> 13,1,7, (12,2,6) -> 14,2,7, (12,2,6) -> 15,3,7, (12,2,6) -> 15,2,7, (13,3,6) -> 16,3,7, (13,3,6) -> 17,4,7, (13,3,6) -> 14,1,7, (13,2,6) -> 15,2,7, (13,2,6) -> 16,3,7, (13,2,6) -> 16,2,7, (14,3,6) -> 17,3,7, (14,3,6) -> 18,4,7, (14,3,6) -> 18,3,7, (15,4,6) -> 19,4,7, (15,4,6) -> 20,5,7, (15,4,6) -> 17,2,7, (15,3,6) -> 18,3,7, (15,3,6) -> 19,4,7, (15,3,6) -> 19,3,7, (16,4,6) -> 20,4,7, (16,4,6) -> 21,5,7, (16,4,6) -> 21,4,7, (17,5,6) -> 12,1,7, (11,1,6) -> 13,1,7, (12,2,6) -> 14,2,7, (12,2,6) -> 15,3,7, (12,2,6) -> 15,2,7, (13,3,6) -> 16,3,7, (13,3,6) -> 17,4,7, (13,3,6) -> 14,1,7, (13,2,6) -> 15,2,7, (13,2,6) -> 16,3,7, (13,2,6) -> 16,2,7, (14,3,6) -> 17,3,7, (14,3,6) -> 18,4,7, (14,3,6) -> 18,3,7, (15,4,6) -> 19,4,7, (15,4,6) -> 20,5,7, (15,4,6) -> 13,1,7, (12,1,6) -> 14,1,7, (13,2,6) -> 15,2,7, (13,2,6) -> 16,3,7, (13,2,6) -> 16,2,7, (14,3,6) -> 17,3,7, (14,3,6) -> 18,4,7, (14,3,6) -> 15,1,7, (14,2,6) -> 16,2,7, (14,2,6) -> 17,3,7, (14,2,6) -> 17,2,7, (15,3,6) -> 18,3,7, (15,3,6) -> 19,4,7, (15,3,6) -> 19,3,7, (16,4,6) -> 20,4,7, (16,4,6) -> 21,5,7, (16,4,6) -> 18,2,7, (16,3,6) -> 19,3,7, (16,3,6) -> 20,4,7, (16,3,6) -> 20,3,7, (17,4,6) -> 21,4,7, (17,4,6) -> 22,4,7, (18,5,6) -> 16,1,7, (15,2,6) -> 17,2,7, (15,2,6) -> 18,3,7, (15,2,6) -> 18,2,7, (16,3,6) -> 19,3,7, (16,3,6) -> 20,4,7, (16,3,6) -> 20,3,7, (17,4,6) -> 21,4,7, (17,4,6) -> 19,2,7, (17,3,6) -> 20,3,7, (17,3,6) -> 21,4,7, (17,3,6) -> 21,3,7, (18,4,6) -> 22,4,7, (18,4,6) -> 22,3,7, (19,4,6) -> 

childs of 11,1,7: 0,0,0 /0,0,0 /0,0,0 /



childs of 12,1,7: 13,1,8 /0,0,0 /0,0,0 /

index_n_1:0
size_line_n_1:184


childs of 13,2,7: 14,1,8 /15,2,8 /16,3,8 /

index_n_1:1
size_line_n_1:184
index_n_1:2
size_line_n_1:184
index_n_1:3
size_line_n_1:184


childs of 14,3,7: 16,2,8 /17,3,8 /18,4,8 /

index_n_1:4
size_line_n_1:184
index_n_1:5
size_line_n_1:184
index_n_1:6
size_line_n_1:184


childs of 14,2,7: 15,1,8 /16,2,8 /17,3,8 /

index_n_1:7
size_line_n_1:184
index_n_1:8
size_line_n_1:184
index_n_1:9
size_line_n_1:184


childs of 15,3,7: 17,2,8 /18,3,8 /19,4,8 /

index_n_1:10
size_line_n_1:184
index_n_1:11
size_line_n_1:184
index_n_1:12
size_line_n_1:184


childs of 16,4,7: 19,3,8 /20,4,8 /21,5,8 /

index_n_1:13
size_line_n_1:184
index_n_1:14
size_line_n_1:184
index_n_1:15
size_line_n_1:184


childs of 13,1,7: 14,1,8 /0,0,0 /0,0,0 /

index_n_1:16
size_line_n_1:184


childs of 14,2,7: 15,1,8 /16,2,8 /17,3,8 /

index_n_1:17
size_line_n_1:184
index_n_1:18
size_line_n_1:184
index_n_1:19
size_line_n_1:184


childs of 15,3,7: 17,2,8 /18,3,8 /19,4,8 /

index_n_1:20
size_line_n_1:184
index_n_1:21
size_line_n_1:184
index_n_1:22
size_line_n_1:184


childs of 15,2,7: 16,1,8 /17,2,8 /18,3,8 /

index_n_1:23
size_line_n_1:184
index_n_1:24
size_line_n_1:184
index_n_1:25
size_line_n_1:184


childs of 16,3,7: 18,2,8 /19,3,8 /20,4,8 /

index_n_1:26
size_line_n_1:184
index_n_1:27
size_line_n_1:184
index_n_1:28
size_line_n_1:184


childs of 17,4,7: 20,3,8 /21,4,8 /0,0,0 /

index_n_1:29
size_line_n_1:184
index_n_1:30
size_line_n_1:184


childs of 17,3,7: 19,2,8 /20,3,8 /21,4,8 /

index_n_1:31
size_line_n_1:184
index_n_1:32
size_line_n_1:184
index_n_1:33
size_line_n_1:184


childs of 18,4,7: 21,3,8 /22,4,8 /0,0,0 /

index_n_1:34
size_line_n_1:184
index_n_1:35
size_line_n_1:184


childs of 19,5,7: 0,0,0 /0,0,0 /0,0,0 /



childs of 12,1,7: 0,0,0 /0,0,0 /0,0,0 /



childs of 13,1,7: 14,1,8 /0,0,0 /0,0,0 /

index_n_1:36
size_line_n_1:184


childs of 14,2,7: 15,1,8 /16,2,8 /17,3,8 /

index_n_1:37
size_line_n_1:184
index_n_1:38
size_line_n_1:184
index_n_1:39
size_line_n_1:184


childs of 15,3,7: 17,2,8 /18,3,8 /19,4,8 /

index_n_1:40
size_line_n_1:184
index_n_1:41
size_line_n_1:184
index_n_1:42
size_line_n_1:184


childs of 15,2,7: 16,1,8 /17,2,8 /18,3,8 /

index_n_1:43
size_line_n_1:184
index_n_1:44
size_line_n_1:184
index_n_1:45
size_line_n_1:184


childs of 16,3,7: 18,2,8 /19,3,8 /20,4,8 /

index_n_1:46
size_line_n_1:184
index_n_1:47
size_line_n_1:184
index_n_1:48
size_line_n_1:184


childs of 17,4,7: 20,3,8 /21,4,8 /0,0,0 /

index_n_1:49
size_line_n_1:184
index_n_1:50
size_line_n_1:184


childs of 14,1,7: 15,1,8 /0,0,0 /0,0,0 /

index_n_1:51
size_line_n_1:184


childs of 15,2,7: 16,1,8 /17,2,8 /18,3,8 /

index_n_1:52
size_line_n_1:184
index_n_1:53
size_line_n_1:184
index_n_1:54
size_line_n_1:184


childs of 16,3,7: 18,2,8 /19,3,8 /20,4,8 /

index_n_1:55
size_line_n_1:184
index_n_1:56
size_line_n_1:184
index_n_1:57
size_line_n_1:184


childs of 16,2,7: 17,1,8 /18,2,8 /19,3,8 /

index_n_1:58
size_line_n_1:184
index_n_1:59
size_line_n_1:184
index_n_1:60
size_line_n_1:184


childs of 17,3,7: 19,2,8 /20,3,8 /21,4,8 /

index_n_1:61
size_line_n_1:184
index_n_1:62
size_line_n_1:184
index_n_1:63
size_line_n_1:184


childs of 18,4,7: 21,3,8 /22,4,8 /0,0,0 /

index_n_1:64
size_line_n_1:184
index_n_1:65
size_line_n_1:184


childs of 18,3,7: 20,2,8 /21,3,8 /22,4,8 /

index_n_1:66
size_line_n_1:184
index_n_1:67
size_line_n_1:184
index_n_1:68
size_line_n_1:184


childs of 19,4,7: 22,3,8 /0,0,0 /0,0,0 /

index_n_1:69
size_line_n_1:184


childs of 20,5,7: 0,0,0 /0,0,0 /0,0,0 /



childs of 17,2,7: 18,1,8 /19,2,8 /20,3,8 /

index_n_1:70
size_line_n_1:184
index_n_1:71
size_line_n_1:184
index_n_1:72
size_line_n_1:184


childs of 18,3,7: 20,2,8 /21,3,8 /22,4,8 /

index_n_1:73
size_line_n_1:184
index_n_1:74
size_line_n_1:184
index_n_1:75
size_line_n_1:184


childs of 19,4,7: 22,3,8 /0,0,0 /0,0,0 /

index_n_1:76
size_line_n_1:184


childs of 19,3,7: 21,2,8 /22,3,8 /0,0,0 /

index_n_1:77
size_line_n_1:184
index_n_1:78
size_line_n_1:184


childs of 20,4,7: 23,3,8 /0,0,0 /0,0,0 /

index_n_1:79
size_line_n_1:184


childs of 21,5,7: 0,0,0 /0,0,0 /0,0,0 /



childs of 21,4,7: 24,3,8 /0,0,0 /0,0,0 /

index_n_1:80
size_line_n_1:184


childs of 12,1,7: 0,0,0 /0,0,0 /0,0,0 /



childs of 13,1,7: 14,1,8 /0,0,0 /0,0,0 /

index_n_1:81
size_line_n_1:184


childs of 14,2,7: 15,1,8 /16,2,8 /17,3,8 /

index_n_1:82
size_line_n_1:184
index_n_1:83
size_line_n_1:184
index_n_1:84
size_line_n_1:184


childs of 15,3,7: 17,2,8 /18,3,8 /19,4,8 /

index_n_1:85
size_line_n_1:184
index_n_1:86
size_line_n_1:184
index_n_1:87
size_line_n_1:184


childs of 15,2,7: 16,1,8 /17,2,8 /18,3,8 /

index_n_1:88
size_line_n_1:184
index_n_1:89
size_line_n_1:184
index_n_1:90
size_line_n_1:184


childs of 16,3,7: 18,2,8 /19,3,8 /20,4,8 /

index_n_1:91
size_line_n_1:184
index_n_1:92
size_line_n_1:184
index_n_1:93
size_line_n_1:184


childs of 17,4,7: 20,3,8 /21,4,8 /0,0,0 /

index_n_1:94
size_line_n_1:184
index_n_1:95
size_line_n_1:184


childs of 14,1,7: 15,1,8 /0,0,0 /0,0,0 /

index_n_1:96
size_line_n_1:184


childs of 15,2,7: 16,1,8 /17,2,8 /18,3,8 /

index_n_1:97
size_line_n_1:184
index_n_1:98
size_line_n_1:184
index_n_1:99
size_line_n_1:184


childs of 16,3,7: 18,2,8 /19,3,8 /20,4,8 /

index_n_1:100
size_line_n_1:184
index_n_1:101
size_line_n_1:184
index_n_1:102
size_line_n_1:184


childs of 16,2,7: 17,1,8 /18,2,8 /19,3,8 /

index_n_1:103
size_line_n_1:184
index_n_1:104
size_line_n_1:184
index_n_1:105
size_line_n_1:184


childs of 17,3,7: 19,2,8 /20,3,8 /21,4,8 /

index_n_1:106
size_line_n_1:184
index_n_1:107
size_line_n_1:184
index_n_1:108
size_line_n_1:184


childs of 18,4,7: 21,3,8 /22,4,8 /0,0,0 /

index_n_1:109
size_line_n_1:184
index_n_1:110
size_line_n_1:184


childs of 18,3,7: 20,2,8 /21,3,8 /22,4,8 /

index_n_1:111
size_line_n_1:184
index_n_1:112
size_line_n_1:184
index_n_1:113
size_line_n_1:184


childs of 19,4,7: 22,3,8 /0,0,0 /0,0,0 /

index_n_1:114
size_line_n_1:184


childs of 20,5,7: 0,0,0 /0,0,0 /0,0,0 /



childs of 13,1,7: 0,0,0 /0,0,0 /0,0,0 /



childs of 14,1,7: 15,1,8 /0,0,0 /0,0,0 /

index_n_1:115
size_line_n_1:184


childs of 15,2,7: 16,1,8 /17,2,8 /18,3,8 /

index_n_1:116
size_line_n_1:184
index_n_1:117
size_line_n_1:184
index_n_1:118
size_line_n_1:184


childs of 16,3,7: 18,2,8 /19,3,8 /20,4,8 /

index_n_1:119
size_line_n_1:184
index_n_1:120
size_line_n_1:184
index_n_1:121
size_line_n_1:184


childs of 16,2,7: 17,1,8 /18,2,8 /19,3,8 /

index_n_1:122
size_line_n_1:184
index_n_1:123
size_line_n_1:184
index_n_1:124
size_line_n_1:184


childs of 17,3,7: 19,2,8 /20,3,8 /21,4,8 /

index_n_1:125
size_line_n_1:184
index_n_1:126
size_line_n_1:184
index_n_1:127
size_line_n_1:184


childs of 18,4,7: 21,3,8 /22,4,8 /0,0,0 /

index_n_1:128
size_line_n_1:184
index_n_1:129
size_line_n_1:184


childs of 15,1,7: 16,1,8 /0,0,0 /0,0,0 /

index_n_1:130
size_line_n_1:184


childs of 16,2,7: 17,1,8 /18,2,8 /19,3,8 /

index_n_1:131
size_line_n_1:184
index_n_1:132
size_line_n_1:184
index_n_1:133
size_line_n_1:184


childs of 17,3,7: 19,2,8 /20,3,8 /21,4,8 /

index_n_1:134
size_line_n_1:184
index_n_1:135
size_line_n_1:184
index_n_1:136
size_line_n_1:184


childs of 17,2,7: 18,1,8 /19,2,8 /20,3,8 /

index_n_1:137
size_line_n_1:184
index_n_1:138
size_line_n_1:184
index_n_1:139
size_line_n_1:184


childs of 18,3,7: 20,2,8 /21,3,8 /22,4,8 /

index_n_1:140
size_line_n_1:184
index_n_1:141
size_line_n_1:184
index_n_1:142
size_line_n_1:184


childs of 19,4,7: 22,3,8 /0,0,0 /0,0,0 /

index_n_1:143
size_line_n_1:184


childs of 19,3,7: 21,2,8 /22,3,8 /0,0,0 /

index_n_1:144
size_line_n_1:184
index_n_1:145
size_line_n_1:184


childs of 20,4,7: 23,3,8 /0,0,0 /0,0,0 /

index_n_1:146
size_line_n_1:184


childs of 21,5,7: 0,0,0 /0,0,0 /0,0,0 /



childs of 18,2,7: 19,1,8 /20,2,8 /21,3,8 /

index_n_1:147
size_line_n_1:184
index_n_1:148
size_line_n_1:184
index_n_1:149
size_line_n_1:184


childs of 19,3,7: 21,2,8 /22,3,8 /0,0,0 /

index_n_1:150
size_line_n_1:184
index_n_1:151
size_line_n_1:184


childs of 20,4,7: 23,3,8 /0,0,0 /0,0,0 /

index_n_1:152
size_line_n_1:184


childs of 20,3,7: 22,2,8 /23,3,8 /0,0,0 /

index_n_1:153
size_line_n_1:184
index_n_1:154
size_line_n_1:184


childs of 21,4,7: 24,3,8 /0,0,0 /0,0,0 /

index_n_1:155
size_line_n_1:184


childs of 22,4,7: 25,3,8 /0,0,0 /0,0,0 /

index_n_1:156
size_line_n_1:184


childs of 16,1,7: 17,1,8 /0,0,0 /0,0,0 /

index_n_1:157
size_line_n_1:184


childs of 17,2,7: 18,1,8 /19,2,8 /20,3,8 /

index_n_1:158
size_line_n_1:184
index_n_1:159
size_line_n_1:184
index_n_1:160
size_line_n_1:184


childs of 18,3,7: 20,2,8 /21,3,8 /22,4,8 /

index_n_1:161
size_line_n_1:184
index_n_1:162
size_line_n_1:184
index_n_1:163
size_line_n_1:184


childs of 18,2,7: 19,1,8 /20,2,8 /21,3,8 /

index_n_1:164
size_line_n_1:184
index_n_1:165
size_line_n_1:184
index_n_1:166
size_line_n_1:184


childs of 19,3,7: 21,2,8 /22,3,8 /0,0,0 /

index_n_1:167
size_line_n_1:184
index_n_1:168
size_line_n_1:184


childs of 20,4,7: 23,3,8 /0,0,0 /0,0,0 /

index_n_1:169
size_line_n_1:184


childs of 20,3,7: 22,2,8 /23,3,8 /0,0,0 /

index_n_1:170
size_line_n_1:184
index_n_1:171
size_line_n_1:184


childs of 21,4,7: 24,3,8 /0,0,0 /0,0,0 /

index_n_1:172
size_line_n_1:184


childs of 19,2,7: 20,1,8 /21,2,8 /22,3,8 /

index_n_1:173
size_line_n_1:184
index_n_1:174
size_line_n_1:184
index_n_1:175
size_line_n_1:184


childs of 20,3,7: 22,2,8 /23,3,8 /0,0,0 /

index_n_1:176
size_line_n_1:184
index_n_1:177
size_line_n_1:184


childs of 21,4,7: 24,3,8 /0,0,0 /0,0,0 /

index_n_1:178
size_line_n_1:184


childs of 21,3,7: 23,2,8 /24,3,8 /0,0,0 /

index_n_1:179
size_line_n_1:184
index_n_1:180
size_line_n_1:184


childs of 22,4,7: 25,3,8 /0,0,0 /0,0,0 /

index_n_1:181
size_line_n_1:184


childs of 22,3,7: 24,2,8 /25,3,8 /0,0,0 /

index_n_1:182
size_line_n_1:184
index_n_1:183
size_line_n_1:184



antes da alocacao de memoria

line_n: 11,1,7, (10,1,6) -> 12,1,7, (11,2,6) -> 13,2,7, (11,2,6) -> 14,3,7, (11,2,6) -> 14,2,7, (12,3,6) -> 15,3,7, (12,3,6) -> 16,4,7, (12,3,6) -> 13,1,7, (12,2,6) -> 14,2,7, (12,2,6) -> 15,3,7, (12,2,6) -> 15,2,7, (13,3,6) -> 16,3,7, (13,3,6) -> 17,4,7, (13,3,6) -> 17,3,7, (14,4,6) -> 18,4,7, (14,4,6) -> 19,5,7, (14,4,6) -> 12,1,7, (11,1,6) -> 13,1,7, (12,2,6) -> 14,2,7, (12,2,6) -> 15,3,7, (12,2,6) -> 15,2,7, (13,3,6) -> 16,3,7, (13,3,6) -> 17,4,7, (13,3,6) -> 14,1,7, (13,2,6) -> 15,2,7, (13,2,6) -> 16,3,7, (13,2,6) -> 16,2,7, (14,3,6) -> 17,3,7, (14,3,6) -> 18,4,7, (14,3,6) -> 18,3,7, (15,4,6) -> 19,4,7, (15,4,6) -> 20,5,7, (15,4,6) -> 17,2,7, (15,3,6) -> 18,3,7, (15,3,6) -> 19,4,7, (15,3,6) -> 19,3,7, (16,4,6) -> 20,4,7, (16,4,6) -> 21,5,7, (16,4,6) -> 21,4,7, (17,5,6) -> 12,1,7, (11,1,6) -> 13,1,7, (12,2,6) -> 14,2,7, (12,2,6) -> 15,3,7, (12,2,6) -> 15,2,7, (13,3,6) -> 16,3,7, (13,3,6) -> 17,4,7, (13,3,6) -> 14,1,7, (13,2,6) -> 15,2,7, (13,2,6) -> 16,3,7, (13,2,6) -> 16,2,7, (14,3,6) -> 17,3,7, (14,3,6) -> 18,4,7, (14,3,6) -> 18,3,7, (15,4,6) -> 19,4,7, (15,4,6) -> 20,5,7, (15,4,6) -> 13,1,7, (12,1,6) -> 14,1,7, (13,2,6) -> 15,2,7, (13,2,6) -> 16,3,7, (13,2,6) -> 16,2,7, (14,3,6) -> 17,3,7, (14,3,6) -> 18,4,7, (14,3,6) -> 15,1,7, (14,2,6) -> 16,2,7, (14,2,6) -> 17,3,7, (14,2,6) -> 17,2,7, (15,3,6) -> 18,3,7, (15,3,6) -> 19,4,7, (15,3,6) -> 19,3,7, (16,4,6) -> 20,4,7, (16,4,6) -> 21,5,7, (16,4,6) -> 18,2,7, (16,3,6) -> 19,3,7, (16,3,6) -> 20,4,7, (16,3,6) -> 20,3,7, (17,4,6) -> 21,4,7, (17,4,6) -> 22,4,7, (18,5,6) -> 16,1,7, (15,2,6) -> 17,2,7, (15,2,6) -> 18,3,7, (15,2,6) -> 18,2,7, (16,3,6) -> 19,3,7, (16,3,6) -> 20,4,7, (16,3,6) -> 20,3,7, (17,4,6) -> 21,4,7, (17,4,6) -> 19,2,7, (17,3,6) -> 20,3,7, (17,3,6) -> 21,4,7, (17,3,6) -> 21,3,7, (18,4,6) -> 22,4,7, (18,4,6) -> 22,3,7, (19,4,6) -> 
line_n_1: 13,1,8, (12,1,7) -> 14,1,8, (13,2,7) -> 15,2,8, (13,2,7) -> 16,3,8, (13,2,7) -> 16,2,8, (14,3,7) -> 17,3,8, (14,3,7) -> 18,4,8, (14,3,7) -> 15,1,8, (14,2,7) -> 16,2,8, (14,2,7) -> 17,3,8, (14,2,7) -> 17,2,8, (15,3,7) -> 18,3,8, (15,3,7) -> 19,4,8, (15,3,7) -> 19,3,8, (16,4,7) -> 20,4,8, (16,4,7) -> 21,5,8, (16,4,7) -> 14,1,8, (13,1,7) -> 15,1,8, (14,2,7) -> 16,2,8, (14,2,7) -> 17,3,8, (14,2,7) -> 17,2,8, (15,3,7) -> 18,3,8, (15,3,7) -> 19,4,8, (15,3,7) -> 16,1,8, (15,2,7) -> 17,2,8, (15,2,7) -> 18,3,8, (15,2,7) -> 18,2,8, (16,3,7) -> 19,3,8, (16,3,7) -> 20,4,8, (16,3,7) -> 20,3,8, (17,4,7) -> 21,4,8, (17,4,7) -> 19,2,8, (17,3,7) -> 20,3,8, (17,3,7) -> 21,4,8, (17,3,7) -> 21,3,8, (18,4,7) -> 22,4,8, (18,4,7) -> 14,1,8, (13,1,7) -> 15,1,8, (14,2,7) -> 16,2,8, (14,2,7) -> 17,3,8, (14,2,7) -> 17,2,8, (15,3,7) -> 18,3,8, (15,3,7) -> 19,4,8, (15,3,7) -> 16,1,8, (15,2,7) -> 17,2,8, (15,2,7) -> 18,3,8, (15,2,7) -> 18,2,8, (16,3,7) -> 19,3,8, (16,3,7) -> 20,4,8, (16,3,7) -> 20,3,8, (17,4,7) -> 21,4,8, (17,4,7) -> 15,1,8, (14,1,7) -> 16,1,8, (15,2,7) -> 17,2,8, (15,2,7) -> 18,3,8, (15,2,7) -> 18,2,8, (16,3,7) -> 19,3,8, (16,3,7) -> 20,4,8, (16,3,7) -> 17,1,8, (16,2,7) -> 18,2,8, (16,2,7) -> 19,3,8, (16,2,7) -> 19,2,8, (17,3,7) -> 20,3,8, (17,3,7) -> 21,4,8, (17,3,7) -> 21,3,8, (18,4,7) -> 22,4,8, (18,4,7) -> 20,2,8, (18,3,7) -> 21,3,8, (18,3,7) -> 22,4,8, (18,3,7) -> 22,3,8, (19,4,7) -> 18,1,8, (17,2,7) -> 19,2,8, (17,2,7) -> 20,3,8, (17,2,7) -> 20,2,8, (18,3,7) -> 21,3,8, (18,3,7) -> 22,4,8, (18,3,7) -> 22,3,8, (19,4,7) -> 21,2,8, (19,3,7) -> 22,3,8, (19,3,7) -> 23,3,8, (20,4,7) -> 24,3,8, (21,4,7) -> 14,1,8, (13,1,7) -> 15,1,8, (14,2,7) -> 16,2,8, (14,2,7) -> 17,3,8, (14,2,7) -> 17,2,8, (15,3,7) -> 18,3,8, (15,3,7) -> 19,4,8, (15,3,7) -> 16,1,8, (15,2,7) -> 17,2,8, (15,2,7) -> 18,3,8, (15,2,7) -> 18,2,8, (16,3,7) -> 19,3,8, (16,3,7) -> 20,4,8, (16,3,7) -> 20,3,8, (17,4,7) -> 21,4,8, (17,4,7) -> 15,1,8, (14,1,7) -> 16,1,8, (15,2,7) -> 17,2,8, (15,2,7) -> 18,3,8, (15,2,7) -> 18,2,8, (16,3,7) -> 19,3,8, (16,3,7) -> 20,4,8, (16,3,7) -> 17,1,8, (16,2,7) -> 18,2,8, (16,2,7) -> 19,3,8, (16,2,7) -> 19,2,8, (17,3,7) -> 20,3,8, (17,3,7) -> 21,4,8, (17,3,7) -> 21,3,8, (18,4,7) -> 22,4,8, (18,4,7) -> 20,2,8, (18,3,7) -> 21,3,8, (18,3,7) -> 22,4,8, (18,3,7) -> 22,3,8, (19,4,7) -> 15,1,8, (14,1,7) -> 16,1,8, (15,2,7) -> 17,2,8, (15,2,7) -> 18,3,8, (15,2,7) -> 18,2,8, (16,3,7) -> 19,3,8, (16,3,7) -> 20,4,8, (16,3,7) -> 17,1,8, (16,2,7) -> 18,2,8, (16,2,7) -> 19,3,8, (16,2,7) -> 19,2,8, (17,3,7) -> 20,3,8, (17,3,7) -> 21,4,8, (17,3,7) -> 21,3,8, (18,4,7) -> 22,4,8, (18,4,7) -> 16,1,8, (15,1,7) -> 17,1,8, (16,2,7) -> 18,2,8, (16,2,7) -> 19,3,8, (16,2,7) -> 19,2,8, (17,3,7) -> 20,3,8, (17,3,7) -> 21,4,8, (17,3,7) -> 18,1,8, (17,2,7) -> 19,2,8, (17,2,7) -> 20,3,8, (17,2,7) -> 20,2,8, (18,3,7) -> 21,3,8, (18,3,7) -> 22,4,8, (18,3,7) -> 22,3,8, (19,4,7) -> 21,2,8, (19,3,7) -> 22,3,8, (19,3,7) -> 23,3,8, (20,4,7) -> 19,1,8, (18,2,7) -> 20,2,8, (18,2,7) -> 21,3,8, (18,2,7) -> 21,2,8, (19,3,7) -> 22,3,8, (19,3,7) -> 23,3,8, (20,4,7) -> 22,2,8, (20,3,7) -> 23,3,8, (20,3,7) -> 24,3,8, (21,4,7) -> 25,3,8, (22,4,7) -> 17,1,8, (16,1,7) -> 18,1,8, (17,2,7) -> 19,2,8, (17,2,7) -> 20,3,8, (17,2,7) -> 20,2,8, (18,3,7) -> 21,3,8, (18,3,7) -> 22,4,8, (18,3,7) -> 19,1,8, (18,2,7) -> 20,2,8, (18,2,7) -> 21,3,8, (18,2,7) -> 21,2,8, (19,3,7) -> 22,3,8, (19,3,7) -> 23,3,8, (20,4,7) -> 22,2,8, (20,3,7) -> 23,3,8, (20,3,7) -> 24,3,8, (21,4,7) -> 20,1,8, (19,2,7) -> 21,2,8, (19,2,7) -> 22,3,8, (19,2,7) -> 22,2,8, (20,3,7) -> 23,3,8, (20,3,7) -> 24,3,8, (21,4,7) -> 23,2,8, (21,3,7) -> 24,3,8, (21,3,7) -> 25,3,8, (22,4,7) -> 24,2,8, (22,3,7) -> 25,3,8, (22,3,7) -> 
size_line_n_1 :374
size_line_n :184
line_n: 13,1,8, (12,1,7) -> 14,1,8, (13,2,7) -> 15,2,8, (13,2,7) -> 16,3,8, (13,2,7) -> 16,2,8, (14,3,7) -> 17,3,8, (14,3,7) -> 18,4,8, (14,3,7) -> 15,1,8, (14,2,7) -> 16,2,8, (14,2,7) -> 17,3,8, (14,2,7) -> 17,2,8, (15,3,7) -> 18,3,8, (15,3,7) -> 19,4,8, (15,3,7) -> 19,3,8, (16,4,7) -> 20,4,8, (16,4,7) -> 21,5,8, (16,4,7) -> 14,1,8, (13,1,7) -> 15,1,8, (14,2,7) -> 16,2,8, (14,2,7) -> 17,3,8, (14,2,7) -> 17,2,8, (15,3,7) -> 18,3,8, (15,3,7) -> 19,4,8, (15,3,7) -> 16,1,8, (15,2,7) -> 17,2,8, (15,2,7) -> 18,3,8, (15,2,7) -> 18,2,8, (16,3,7) -> 19,3,8, (16,3,7) -> 20,4,8, (16,3,7) -> 20,3,8, (17,4,7) -> 21,4,8, (17,4,7) -> 19,2,8, (17,3,7) -> 20,3,8, (17,3,7) -> 21,4,8, (17,3,7) -> 21,3,8, (18,4,7) -> 22,4,8, (18,4,7) -> 14,1,8, (13,1,7) -> 15,1,8, (14,2,7) -> 16,2,8, (14,2,7) -> 17,3,8, (14,2,7) -> 17,2,8, (15,3,7) -> 18,3,8, (15,3,7) -> 19,4,8, (15,3,7) -> 16,1,8, (15,2,7) -> 17,2,8, (15,2,7) -> 18,3,8, (15,2,7) -> 18,2,8, (16,3,7) -> 19,3,8, (16,3,7) -> 20,4,8, (16,3,7) -> 20,3,8, (17,4,7) -> 21,4,8, (17,4,7) -> 15,1,8, (14,1,7) -> 16,1,8, (15,2,7) -> 17,2,8, (15,2,7) -> 18,3,8, (15,2,7) -> 18,2,8, (16,3,7) -> 19,3,8, (16,3,7) -> 20,4,8, (16,3,7) -> 17,1,8, (16,2,7) -> 18,2,8, (16,2,7) -> 19,3,8, (16,2,7) -> 19,2,8, (17,3,7) -> 20,3,8, (17,3,7) -> 21,4,8, (17,3,7) -> 21,3,8, (18,4,7) -> 22,4,8, (18,4,7) -> 20,2,8, (18,3,7) -> 21,3,8, (18,3,7) -> 22,4,8, (18,3,7) -> 22,3,8, (19,4,7) -> 18,1,8, (17,2,7) -> 19,2,8, (17,2,7) -> 20,3,8, (17,2,7) -> 20,2,8, (18,3,7) -> 21,3,8, (18,3,7) -> 22,4,8, (18,3,7) -> 22,3,8, (19,4,7) -> 21,2,8, (19,3,7) -> 22,3,8, (19,3,7) -> 23,3,8, (20,4,7) -> 24,3,8, (21,4,7) -> 14,1,8, (13,1,7) -> 15,1,8, (14,2,7) -> 16,2,8, (14,2,7) -> 17,3,8, (14,2,7) -> 17,2,8, (15,3,7) -> 18,3,8, (15,3,7) -> 19,4,8, (15,3,7) -> 16,1,8, (15,2,7) -> 17,2,8, (15,2,7) -> 18,3,8, (15,2,7) -> 18,2,8, (16,3,7) -> 19,3,8, (16,3,7) -> 20,4,8, (16,3,7) -> 20,3,8, (17,4,7) -> 21,4,8, (17,4,7) -> 15,1,8, (14,1,7) -> 16,1,8, (15,2,7) -> 17,2,8, (15,2,7) -> 18,3,8, (15,2,7) -> 18,2,8, (16,3,7) -> 19,3,8, (16,3,7) -> 20,4,8, (16,3,7) -> 17,1,8, (16,2,7) -> 18,2,8, (16,2,7) -> 19,3,8, (16,2,7) -> 19,2,8, (17,3,7) -> 20,3,8, (17,3,7) -> 21,4,8, (17,3,7) -> 21,3,8, (18,4,7) -> 22,4,8, (18,4,7) -> 20,2,8, (18,3,7) -> 21,3,8, (18,3,7) -> 22,4,8, (18,3,7) -> 22,3,8, (19,4,7) -> 15,1,8, (14,1,7) -> 16,1,8, (15,2,7) -> 17,2,8, (15,2,7) -> 18,3,8, (15,2,7) -> 18,2,8, (16,3,7) -> 19,3,8, (16,3,7) -> 20,4,8, (16,3,7) -> 17,1,8, (16,2,7) -> 18,2,8, (16,2,7) -> 19,3,8, (16,2,7) -> 19,2,8, (17,3,7) -> 20,3,8, (17,3,7) -> 21,4,8, (17,3,7) -> 21,3,8, (18,4,7) -> 22,4,8, (18,4,7) -> 16,1,8, (15,1,7) -> 17,1,8, (16,2,7) -> 18,2,8, (16,2,7) -> 19,3,8, (16,2,7) -> 19,2,8, (17,3,7) -> 20,3,8, (17,3,7) -> 21,4,8, (17,3,7) -> 18,1,8, (17,2,7) -> 19,2,8, (17,2,7) -> 20,3,8, (17,2,7) -> 20,2,8, (18,3,7) -> 21,3,8, (18,3,7) -> 22,4,8, (18,3,7) -> 22,3,8, (19,4,7) -> 21,2,8, (19,3,7) -> 22,3,8, (19,3,7) -> 23,3,8, (20,4,7) -> 19,1,8, (18,2,7) -> 20,2,8, (18,2,7) -> 21,3,8, (18,2,7) -> 21,2,8, (19,3,7) -> 22,3,8, (19,3,7) -> 23,3,8, (20,4,7) -> 22,2,8, (20,3,7) -> 23,3,8, (20,3,7) -> 24,3,8, (21,4,7) -> 25,3,8, (22,4,7) -> 17,1,8, (16,1,7) -> 18,1,8, (17,2,7) -> 19,2,8, (17,2,7) -> 20,3,8, (17,2,7) -> 20,2,8, (18,3,7) -> 21,3,8, (18,3,7) -> 22,4,8, (18,3,7) -> 19,1,8, (18,2,7) -> 20,2,8, (18,2,7) -> 21,3,8, (18,2,7) -> 21,2,8, (19,3,7) -> 22,3,8, (19,3,7) -> 23,3,8, (20,4,7) -> 22,2,8, (20,3,7) -> 23,3,8, (20,3,7) -> 24,3,8, (21,4,7) -> 20,1,8, (19,2,7) -> 21,2,8, (19,2,7) -> 22,3,8, (19,2,7) -> 22,2,8, (20,3,7) -> 23,3,8, (20,3,7) -> 24,3,8, (21,4,7) -> 23,2,8, (21,3,7) -> 24,3,8, (21,3,7) -> 25,3,8, (22,4,7) -> 24,2,8, (22,3,7) -> 25,3,8, (22,3,7) -> 


depois da alocacao de memoria

size_line_n_1 :374
size_line_n :184
line_n: 13,1,8, (12,1,7) -> 14,1,8, (13,2,7) -> 15,2,8, (13,2,7) -> 16,3,8, (13,2,7) -> 16,2,8, (14,3,7) -> 17,3,8, (14,3,7) -> 18,4,8, (14,3,7) -> 15,1,8, (14,2,7) -> 16,2,8, (14,2,7) -> 17,3,8, (14,2,7) -> 17,2,8, (15,3,7) -> 18,3,8, (15,3,7) -> 19,4,8, (15,3,7) -> 19,3,8, (16,4,7) -> 20,4,8, (16,4,7) -> 21,5,8, (16,4,7) -> 14,1,8, (13,1,7) -> 15,1,8, (14,2,7) -> 16,2,8, (14,2,7) -> 17,3,8, (14,2,7) -> 17,2,8, (15,3,7) -> 18,3,8, (15,3,7) -> 19,4,8, (15,3,7) -> 16,1,8, (15,2,7) -> 17,2,8, (15,2,7) -> 18,3,8, (15,2,7) -> 18,2,8, (16,3,7) -> 19,3,8, (16,3,7) -> 20,4,8, (16,3,7) -> 20,3,8, (17,4,7) -> 21,4,8, (17,4,7) -> 19,2,8, (17,3,7) -> 20,3,8, (17,3,7) -> 21,4,8, (17,3,7) -> 21,3,8, (18,4,7) -> 22,4,8, (18,4,7) -> 14,1,8, (13,1,7) -> 15,1,8, (14,2,7) -> 16,2,8, (14,2,7) -> 17,3,8, (14,2,7) -> 17,2,8, (15,3,7) -> 18,3,8, (15,3,7) -> 19,4,8, (15,3,7) -> 16,1,8, (15,2,7) -> 17,2,8, (15,2,7) -> 18,3,8, (15,2,7) -> 18,2,8, (16,3,7) -> 19,3,8, (16,3,7) -> 20,4,8, (16,3,7) -> 20,3,8, (17,4,7) -> 21,4,8, (17,4,7) -> 15,1,8, (14,1,7) -> 16,1,8, (15,2,7) -> 17,2,8, (15,2,7) -> 18,3,8, (15,2,7) -> 18,2,8, (16,3,7) -> 19,3,8, (16,3,7) -> 20,4,8, (16,3,7) -> 17,1,8, (16,2,7) -> 18,2,8, (16,2,7) -> 19,3,8, (16,2,7) -> 19,2,8, (17,3,7) -> 20,3,8, (17,3,7) -> 21,4,8, (17,3,7) -> 21,3,8, (18,4,7) -> 22,4,8, (18,4,7) -> 20,2,8, (18,3,7) -> 21,3,8, (18,3,7) -> 22,4,8, (18,3,7) -> 22,3,8, (19,4,7) -> 18,1,8, (17,2,7) -> 19,2,8, (17,2,7) -> 20,3,8, (17,2,7) -> 20,2,8, (18,3,7) -> 21,3,8, (18,3,7) -> 22,4,8, (18,3,7) -> 22,3,8, (19,4,7) -> 21,2,8, (19,3,7) -> 22,3,8, (19,3,7) -> 23,3,8, (20,4,7) -> 24,3,8, (21,4,7) -> 14,1,8, (13,1,7) -> 15,1,8, (14,2,7) -> 16,2,8, (14,2,7) -> 17,3,8, (14,2,7) -> 17,2,8, (15,3,7) -> 18,3,8, (15,3,7) -> 19,4,8, (15,3,7) -> 16,1,8, (15,2,7) -> 17,2,8, (15,2,7) -> 18,3,8, (15,2,7) -> 18,2,8, (16,3,7) -> 19,3,8, (16,3,7) -> 20,4,8, (16,3,7) -> 20,3,8, (17,4,7) -> 21,4,8, (17,4,7) -> 15,1,8, (14,1,7) -> 16,1,8, (15,2,7) -> 17,2,8, (15,2,7) -> 18,3,8, (15,2,7) -> 18,2,8, (16,3,7) -> 19,3,8, (16,3,7) -> 20,4,8, (16,3,7) -> 17,1,8, (16,2,7) -> 18,2,8, (16,2,7) -> 19,3,8, (16,2,7) -> 19,2,8, (17,3,7) -> 20,3,8, (17,3,7) -> 21,4,8, (17,3,7) -> 21,3,8, (18,4,7) -> 22,4,8, (18,4,7) -> 20,2,8, (18,3,7) -> 21,3,8, (18,3,7) -> 22,4,8, (18,3,7) -> 22,3,8, (19,4,7) -> 15,1,8, (14,1,7) -> 16,1,8, (15,2,7) -> 17,2,8, (15,2,7) -> 18,3,8, (15,2,7) -> 18,2,8, (16,3,7) -> 19,3,8, (16,3,7) -> 20,4,8, (16,3,7) -> 17,1,8, (16,2,7) -> 18,2,8, (16,2,7) -> 19,3,8, (16,2,7) -> 19,2,8, (17,3,7) -> 20,3,8, (17,3,7) -> 21,4,8, (17,3,7) -> 21,3,8, (18,4,7) -> 22,4,8, (18,4,7) -> 16,1,8, (15,1,7) -> 17,1,8, (16,2,7) -> 18,2,8, (16,2,7) -> 19,3,8, (16,2,7) -> 19,2,8, (17,3,7) -> 20,3,8, (17,3,7) -> 21,4,8, (17,3,7) -> 18,1,8, (17,2,7) -> 19,2,8, (17,2,7) -> 20,3,8, (17,2,7) -> 20,2,8, (18,3,7) -> 21,3,8, (18,3,7) -> 22,4,8, (18,3,7) -> 22,3,8, (19,4,7) -> 21,2,8, (19,3,7) -> 22,3,8, (19,3,7) -> 23,3,8, (20,4,7) -> 19,1,8, (18,2,7) -> 20,2,8, (18,2,7) -> 21,3,8, (18,2,7) -> 21,2,8, (19,3,7) -> 22,3,8, (19,3,7) -> 23,3,8, (20,4,7) -> 22,2,8, (20,3,7) -> 23,3,8, (20,3,7) -> 24,3,8, (21,4,7) -> 25,3,8, (22,4,7) -> 17,1,8, (16,1,7) -> 18,1,8, (17,2,7) -> 19,2,8, (17,2,7) -> 20,3,8, (17,2,7) -> 20,2,8, (18,3,7) -> 21,3,8, (18,3,7) -> 22,4,8, (18,3,7) -> 19,1,8, (18,2,7) -> 20,2,8, (18,2,7) -> 21,3,8, (18,2,7) -> 21,2,8, (19,3,7) -> 22,3,8, (19,3,7) -> 23,3,8, (20,4,7) -> 22,2,8, (20,3,7) -> 23,3,8, (20,3,7) -> 24,3,8, (21,4,7) -> 20,1,8, (19,2,7) -> 21,2,8, (19,2,7) -> 22,3,8, (19,2,7) -> 22,2,8, (20,3,7) -> 23,3,8, (20,3,7) -> 24,3,8, (21,4,7) -> 23,2,8, (21,3,7) -> 24,3,8, (21,3,7) -> 25,3,8, (22,4,7) -> 24,2,8, (22,3,7) -> 25,3,8, (22,3,7) -> 
line_n_1: 0,0,0, (32604,0,0) -> 0,0,0, (0,4496,0) -> 0,0,0, (12,1,7) -> 0,0,0, (13,2,7) -> 0,0,0, (13,2,7) -> 0,0,0, (13,2,7) -> 0,0,0, (14,3,7) -> 0,0,0, (14,3,7) -> 0,0,0, (14,3,7) -> 0,0,0, (14,2,7) -> 0,0,0, (14,2,7) -> 0,0,0, (14,2,7) -> 0,0,0, (15,3,7) -> 0,0,0, (15,3,7) -> 0,0,0, (15,3,7) -> 0,0,0, (16,4,7) -> 0,0,0, (16,4,7) -> 0,0,0, (16,4,7) -> 0,0,0, (13,1,7) -> 0,0,0, (14,2,7) -> 0,0,0, (14,2,7) -> 0,0,0, (14,2,7) -> 0,0,0, (15,3,7) -> 0,0,0, (15,3,7) -> 0,0,0, (15,3,7) -> 0,0,0, (15,2,7) -> 0,0,0, (15,2,7) -> 0,0,0, (15,2,7) -> 0,0,0, (16,3,7) -> 0,0,0, (16,3,7) -> 0,0,0, (16,3,7) -> 0,0,0, (17,4,7) -> 0,0,0, (17,4,7) -> 0,0,0, (17,3,7) -> 0,0,0, (17,3,7) -> 0,0,0, (17,3,7) -> 0,0,0, (18,4,7) -> 0,0,0, (18,4,7) -> 0,0,0, (13,1,7) -> 0,0,0, (14,2,7) -> 0,0,0, (14,2,7) -> 0,0,0, (14,2,7) -> 0,0,0, (15,3,7) -> 0,0,0, (15,3,7) -> 0,0,0, (15,3,7) -> 0,0,0, (15,2,7) -> 0,0,0, (15,2,7) -> 0,0,0, (15,2,7) -> 0,0,0, (16,3,7) -> 0,0,0, (16,3,7) -> 0,0,0, (16,3,7) -> 0,0,0, (17,4,7) -> 0,0,0, (17,4,7) -> 0,0,0, (14,1,7) -> 0,0,0, (15,2,7) -> 0,0,0, (15,2,7) -> 0,0,0, (15,2,7) -> 0,0,0, (16,3,7) -> 0,0,0, (16,3,7) -> 0,0,0, (16,3,7) -> 0,0,0, (16,2,7) -> 0,0,0, (16,2,7) -> 0,0,0, (16,2,7) -> 0,0,0, (17,3,7) -> 0,0,0, (17,3,7) -> 0,0,0, (17,3,7) -> 0,0,0, (18,4,7) -> 0,0,0, (18,4,7) -> 0,0,0, (18,3,7) -> 0,0,0, (18,3,7) -> 0,0,0, (18,3,7) -> 0,0,0, (19,4,7) -> 0,0,0, (17,2,7) -> 0,0,0, (17,2,7) -> 0,0,0, (17,2,7) -> 0,0,0, (18,3,7) -> 0,0,0, (18,3,7) -> 0,0,0, (18,3,7) -> 0,0,0, (19,4,7) -> 0,0,0, (19,3,7) -> 0,0,0, (19,3,7) -> 0,0,0, (20,4,7) -> 0,0,0, (21,4,7) -> 0,0,0, (13,1,7) -> 0,0,0, (14,2,7) -> 0,0,0, (14,2,7) -> 0,0,0, (14,2,7) -> 0,0,0, (15,3,7) -> 0,0,0, (15,3,7) -> 0,0,0, (15,3,7) -> 0,0,0, (15,2,7) -> 0,0,0, (15,2,7) -> 0,0,0, (15,2,7) -> 0,0,0, (16,3,7) -> 0,0,0, (16,3,7) -> 0,0,0, (16,3,7) -> 0,0,0, (17,4,7) -> 0,0,0, (17,4,7) -> 0,0,0, (14,1,7) -> 0,0,0, (15,2,7) -> 0,0,0, (15,2,7) -> 0,0,0, (15,2,7) -> 0,0,0, (16,3,7) -> 0,0,0, (16,3,7) -> 0,0,0, (16,3,7) -> 0,0,0, (16,2,7) -> 0,0,0, (16,2,7) -> 0,0,0, (16,2,7) -> 0,0,0, (17,3,7) -> 0,0,0, (17,3,7) -> 0,0,0, (17,3,7) -> 0,0,0, (18,4,7) -> 0,0,0, (18,4,7) -> 0,0,0, (18,3,7) -> 0,0,0, (18,3,7) -> 0,0,0, (18,3,7) -> 0,0,0, (19,4,7) -> 0,0,0, (14,1,7) -> 0,0,0, (15,2,7) -> 0,0,0, (15,2,7) -> 0,0,0, (15,2,7) -> 0,0,0, (16,3,7) -> 0,0,0, (16,3,7) -> 0,0,0, (16,3,7) -> 0,0,0, (16,2,7) -> 0,0,0, (16,2,7) -> 0,0,0, (16,2,7) -> 0,0,0, (17,3,7) -> 0,0,0, (17,3,7) -> 0,0,0, (17,3,7) -> 0,0,0, (18,4,7) -> 0,0,0, (18,4,7) -> 0,0,0, (15,1,7) -> 0,0,0, (16,2,7) -> 0,0,0, (16,2,7) -> 0,0,0, (16,2,7) -> 0,0,0, (17,3,7) -> 0,0,0, (17,3,7) -> 0,0,0, (17,3,7) -> 0,0,0, (17,2,7) -> 0,0,0, (17,2,7) -> 0,0,0, (17,2,7) -> 0,0,0, (18,3,7) -> 0,0,0, (18,3,7) -> 0,0,0, (18,3,7) -> 0,0,0, (19,4,7) -> 0,0,0, (19,3,7) -> 0,0,0, (19,3,7) -> 0,0,0, (20,4,7) -> 0,0,0, (18,2,7) -> 0,0,0, (18,2,7) -> 0,0,0, (18,2,7) -> 0,0,0, (19,3,7) -> 0,0,0, (19,3,7) -> 0,0,0, (20,4,7) -> 0,0,0, (20,3,7) -> 0,0,0, (20,3,7) -> 0,0,0, (21,4,7) -> 0,0,0, (22,4,7) -> 0,0,0, (16,1,7) -> 0,0,0, (17,2,7) -> 0,0,0, (17,2,7) -> 0,0,0, (17,2,7) -> 0,0,0, (18,3,7) -> 0,0,0, (18,3,7) -> 0,0,0, (18,3,7) -> 0,0,0, (18,2,7) -> 0,0,0, (18,2,7) -> 0,0,0, (18,2,7) -> 0,0,0, (19,3,7) -> 0,0,0, (19,3,7) -> 0,0,0, (20,4,7) -> 0,0,0, (20,3,7) -> 0,0,0, (20,3,7) -> 0,0,0, (21,4,7) -> 0,0,0, (19,2,7) -> 0,0,0, (19,2,7) -> 0,0,0, (19,2,7) -> 0,0,0, (20,3,7) -> 0,0,0, (20,3,7) -> 0,0,0, (21,4,7) -> 0,0,0, (21,3,7) -> 0,0,0, (21,3,7) -> 0,0,0, (22,4,7) -> 0,0,0, (22,3,7) -> 0,0,0, (22,3,7) -> 0,0,0, (0,0,0) -> 0,0,0, (0,0,0) -> 0,0,0, (0,0,0) -> 0,0,0, (0,0,0) -> 0,0,0, (0,0,0) -> 0,0,0, (0,0,0) -> 0,0,0, (0,0,0) -> 0,0,0, (0,0,0) -> 0,0,0, (0,0,0) -> 0,0,0, (0,0,0) -> 0,0,0, (0,0,0) -> 0,0,0, (0,0,0) -> 0,0,0, (0,0,0) -> 0,0,0, (0,0,0) -> 0,0,0, (0,0,0) -> 0,0,0, (0,0,0) -> 0,0,0, (0,0,0) -> 0,0,0, (0,0,0) -> 0,0,0, (0,0,0) -> 0,0,0, (0,0,0) -> 0,0,0, (0,0,0) -> 0,0,0, (0,0,0) -> 0,0,0, (0,0,0) -> 0,0,0, (0,0,0) -> 0,0,0, (0,0,0) -> 0,0,0, (0,0,0) -> 0,0,0, (0,0,0) -> 0,0,0, (0,0,0) -> 0,0,0, (0,0,0) -> 0,0,0, (0,0,0) -> 0,0,0, (0,0,0) -> 0,0,0, (0,0,0) -> 0,0,0, (0,0,0) -> 0,0,0, (0,0,0) -> 0,0,0, (0,0,0) -> 0,0,0, (0,0,0) -> 0,0,0, (0,0,0) -> 0,0,0, (0,0,0) -> 0,0,0, (0,0,0) -> 0,0,0, (0,0,0) -> 0,0,0, (0,0,0) -> 0,0,0, (0,0,0) -> 0,0,0, (0,0,0) -> 0,0,0, (0,0,0) -> 0,0,0, (0,0,0) -> 0,0,0, (0,0,0) -> 0,0,0, (0,0,0) -> 0,0,0, (0,0,0) -> 0,0,0, (0,0,0) -> 0,0,0, (0,0,0) -> 0,0,0, (0,0,0) -> 0,0,0, (0,0,0) -> 0,0,0, (0,0,0) -> 0,0,0, (0,0,0) -> 0,0,0, (0,0,0) -> 0,0,0, (0,0,0) -> 0,0,0, (0,0,0) -> 0,0,0, (0,0,0) -> 0,0,0, (0,0,0) -> 0,0,0, (0,0,0) -> 0,0,0, (0,0,0) -> 0,0,0, (0,0,0) -> 0,0,0, (0,0,0) -> 0,0,0, (0,0,0) -> 0,0,0, (0,0,0) -> 0,0,0, (0,0,0) -> 0,0,0, (0,0,0) -> 0,0,0, (0,0,0) -> 0,0,0, (0,0,0) -> 0,0,0, (0,0,0) -> 0,0,0, (0,0,0) -> 0,0,0, (0,0,0) -> 0,0,0, (0,0,0) -> 0,0,0, (0,0,0) -> 0,0,0, (0,0,0) -> 0,0,0, (0,0,0) -> 0,0,0, (0,0,0) -> 0,0,0, (0,0,0) -> 0,0,0, (0,0,0) -> 0,0,0, (0,0,0) -> 0,0,0, (0,0,0) -> 0,0,0, (0,0,0) -> 0,0,0, (0,0,0) -> 0,0,0, (0,0,0) -> 0,0,0, (0,0,0) -> 0,0,0, (0,0,0) -> 0,0,0, (0,0,0) -> 0,0,0, (0,0,0) -> 0,0,0, (0,0,0) -> 0,0,0, (0,0,0) -> 0,0,0, (0,0,0) -> 0,0,0, (0,0,0) -> 0,0,0, (0,0,0) -> 0,0,0, (0,0,0) -> 0,0,0, (0,0,0) -> 0,0,0, (0,0,0) -> 0,0,0, (0,0,0) -> 0,0,0, (0,0,0) -> 0,0,0, (0,0,0) -> 0,0,0, (0,0,0) -> 0,0,0, (0,0,0) -> 0,0,0, (0,0,0) -> 0,0,0, (0,0,0) -> 0,0,0, (0,0,0) -> 0,0,0, (0,0,0) -> 0,0,0, (0,0,0) -> 0,0,0, (0,0,0) -> 0,0,0, (0,0,0) -> 0,0,0, (0,0,0) -> 0,0,0, (0,0,0) -> 0,0,0, (0,0,0) -> 0,0,0, (0,0,0) -> 0,0,0, (0,0,0) -> 0,0,0, (0,0,0) -> 0,0,0, (0,0,0) -> 0,0,0, (0,0,0) -> 0,0,0, (0,0,0) -> 0,0,0, (0,0,0) -> 0,0,0, (0,0,0) -> 0,0,0, (0,0,0) -> 0,0,0, (0,0,0) -> 0,0,0, (0,0,0) -> 0,0,0, (0,0,0) -> 0,0,0, (0,0,0) -> 0,0,0, (0,0,0) -> 0,0,0, (0,0,0) -> 0,0,0, (0,0,0) -> 0,0,0, (0,0,0) -> 0,0,0, (0,0,0) -> 0,0,0, (0,0,0) -> 0,0,0, (0,0,0) -> 0,0,0, (0,0,0) -> 0,0,0, (0,0,0) -> 0,0,0, (0,0,0) -> 0,0,0, (0,0,0) -> 0,0,0, (0,0,0) -> 0,0,0, (0,0,0) -> 0,0,0, (0,0,0) -> 0,0,0, (0,0,0) -> 0,0,0, (0,0,0) -> 0,0,0, (0,0,0) -> 0,0,0, (0,0,0) -> 0,0,0, (0,0,0) -> 0,0,0, (0,0,0) -> 0,0,0, (0,0,0) -> 0,0,0, (0,0,0) -> 0,0,0, (0,0,0) -> 0,0,0, (0,0,0) -> 0,0,0, (0,0,0) -> 0,0,0, (0,0,0) -> 0,0,0, (0,0,0) -> 0,0,0, (0,0,0) -> 0,0,0, (0,0,0) -> 0,0,0, (0,0,0) -> 0,0,0, (0,0,0) -> 0,0,0, (0,0,0) -> 0,0,0, (0,0,0) -> 0,0,0, (0,0,0) -> 0,0,0, (0,0,0) -> 0,0,0, (0,0,0) -> 0,0,0, (0,0,0) -> 0,0,0, (0,0,0) -> 0,0,0, (0,0,0) -> 0,0,0, (0,0,0) -> 0,0,0, (0,0,0) -> 0,0,0, (0,0,0) -> 0,0,0, (0,0,0) -> 0,0,0, (0,0,0) -> 0,0,0, (0,0,0) -> 0,0,0, (0,0,0) -> 0,0,0, (0,0,0) -> 0,0,0, (0,0,0) -> 0,0,0, (0,0,0) -> 